-0.0677642822265625 , 0.322357177734375 , -0.929290771484375 
-0.0923004150390625 , 0.3279876708984375 , -0.935821533203125 
-0.1042022705078125 , 0.3311309814453125 , -0.92919921875 
-0.103973388671875 , 0.3550567626953125 , -0.9123687744140625 
-0.108001708984375 , 0.3664093017578125 , -0.8911285400390625 
-0.099945068359375 , 0.364593505859375 , -0.8609466552734375 
-0.0818328857421875 , 0.33856201171875 , -0.8346099853515625 
-0.0738067626953125 , 0.301849365234375 , -0.818603515625 
-0.061920166015625 , 0.28466796875 , -0.7965545654296875 
-0.04962158203125 , 0.2883758544921875 , -0.794952392578125 
-0.045013427734375 , 0.34130859375 , -0.8204193115234375 
-0.07049560546875 , 0.3948822021484375 , -0.83551025390625 
-0.084075927734375 , 0.392669677734375 , -0.8261260986328125 
-0.0667877197265625 , 0.3753509521484375 , -0.8067474365234375 
-0.0427398681640625 , 0.3636322021484375 , -0.7846832275390625 
-0.0322723388671875 , 0.37762451171875 , -0.766815185546875 
-0.0377960205078125 , 0.4299774169921875 , -0.7768402099609375 
-0.0815277099609375 , 0.5398101806640625 , -0.7875823974609375 
-0.1593170166015625 , 0.659332275390625 , -0.80438232421875 
-0.195892333984375 , 0.7212677001953125 , -0.813079833984375 
-0.2017974853515625 , 0.7530364990234375 , -0.80633544921875 
-0.1972198486328125 , 0.733856201171875 , -0.7943878173828125 
-0.2093353271484375 , 0.7185821533203125 , -0.7768096923828125 
-0.230865478515625 , 0.717254638671875 , -0.7580108642578125 
-0.2436065673828125 , 0.7350006103515625 , -0.7210845947265625 
-0.2547760009765625 , 0.7783203125 , -0.6942901611328125 
-0.2881317138671875 , 0.8649139404296875 , -0.664306640625 
-0.3279266357421875 , 0.9353485107421875 , -0.66046142578125 
-0.32403564453125 , 0.9171295166015625 , -0.6575164794921875 
-0.312774658203125 , 0.9229278564453125 , -0.6563720703125 
-0.3214874267578125 , 0.918701171875 , -0.6395416259765625 
-0.3397979736328125 , 0.8857879638671875 , -0.6192169189453125 
-0.3360137939453125 , 0.84161376953125 , -0.59100341796875 
-0.317718505859375 , 0.81182861328125 , -0.5695343017578125 
-0.3093109130859375 , 0.7945404052734375 , -0.5536956787109375 
-0.32470703125 , 0.8131103515625 , -0.52606201171875 
-0.3121185302734375 , 0.864990234375 , -0.514434814453125 
-0.3135986328125 , 0.94818115234375 , -0.5122833251953125 
-0.3322906494140625 , 1.0138092041015625 , -0.5294952392578125 
-0.338623046875 , 0.99090576171875 , -0.5240325927734375 
-0.3389434814453125 , 0.959625244140625 , -0.5081024169921875 
-0.32958984375 , 0.90142822265625 , -0.4976043701171875 
-0.3482208251953125 , 0.8753509521484375 , -0.4916534423828125 
-0.3522491455078125 , 0.87457275390625 , -0.465179443359375 
-0.359527587890625 , 0.857666015625 , -0.4500274658203125 
-0.368682861328125 , 0.8733062744140625 , -0.423095703125 
-0.3868560791015625 , 0.918975830078125 , -0.420867919921875 
-0.3919830322265625 , 0.90679931640625 , -0.4277801513671875 
-0.3669891357421875 , 0.88018798828125 , -0.44696044921875 
-0.3545989990234375 , 0.857696533203125 , -0.4764862060546875 
-0.3662872314453125 , 0.8491973876953125 , -0.4920501708984375 
-0.373931884765625 , 0.8581085205078125 , -0.4869384765625 
-0.3670501708984375 , 0.8536529541015625 , -0.46856689453125 
-0.35223388671875 , 0.8253936767578125 , -0.4532318115234375 
-0.349090576171875 , 0.80023193359375 , -0.452362060546875 
-0.3594970703125 , 0.783294677734375 , -0.452880859375 
-0.36627197265625 , 0.78717041015625 , -0.4581146240234375 
-0.37799072265625 , 0.8089752197265625 , -0.4571533203125 
-0.37359619140625 , 0.8134613037109375 , -0.4429168701171875 
-0.3547821044921875 , 0.8016204833984375 , -0.4305572509765625 
-0.3563232421875 , 0.775177001953125 , -0.4327545166015625 
-0.3621368408203125 , 0.777740478515625 , -0.4368896484375 
-0.361419677734375 , 0.800445556640625 , -0.4449310302734375 
-0.35870361328125 , 0.8051300048828125 , -0.4563140869140625 
-0.34967041015625 , 0.794708251953125 , -0.456787109375 
-0.33587646484375 , 0.80279541015625 , -0.4632110595703125 
-0.3262939453125 , 0.8138427734375 , -0.476959228515625 
-0.3283233642578125 , 0.8323516845703125 , -0.4846649169921875 
-0.32275390625 , 0.8288726806640625 , -0.488983154296875 
-0.3111419677734375 , 0.819610595703125 , -0.4995880126953125 
-0.3047637939453125 , 0.8137054443359375 , -0.501007080078125 
-0.299591064453125 , 0.81671142578125 , -0.5057220458984375 
-0.304046630859375 , 0.8216705322265625 , -0.505157470703125 
-0.3007659912109375 , 0.8212890625 , -0.4949493408203125 
-0.2897186279296875 , 0.81689453125 , -0.4946441650390625 
-0.27520751953125 , 0.804901123046875 , -0.501953125 
-0.264312744140625 , 0.79412841796875 , -0.522613525390625 
-0.2559051513671875 , 0.7950592041015625 , -0.5376434326171875 
-0.24725341796875 , 0.802703857421875 , -0.55206298828125 
-0.24517822265625 , 0.793670654296875 , -0.5565948486328125 
-0.2491607666015625 , 0.787384033203125 , -0.5487213134765625 
-0.255126953125 , 0.77752685546875 , -0.54296875 
-0.2575225830078125 , 0.7677001953125 , -0.537200927734375 
-0.2622833251953125 , 0.774078369140625 , -0.5382843017578125 
-0.2576446533203125 , 0.7946929931640625 , -0.537139892578125 
-0.257598876953125 , 0.789642333984375 , -0.5407257080078125 
-0.260528564453125 , 0.7777099609375 , -0.5435638427734375 
-0.2637786865234375 , 0.7683258056640625 , -0.5609130859375 
-0.267730712890625 , 0.766998291015625 , -0.5694732666015625 
-0.2679901123046875 , 0.766143798828125 , -0.5619964599609375 
-0.262664794921875 , 0.7713470458984375 , -0.5595703125 
-0.261474609375 , 0.7730560302734375 , -0.5563507080078125 
-0.2675323486328125 , 0.7807159423828125 , -0.551666259765625 
-0.276947021484375 , 0.7848968505859375 , -0.556060791015625 
-0.280914306640625 , 0.7839508056640625 , -0.5604248046875 
-0.2800140380859375 , 0.7848358154296875 , -0.5565643310546875 
-0.277679443359375 , 0.782989501953125 , -0.5533447265625 
-0.2746429443359375 , 0.7791595458984375 , -0.55084228515625 
-0.2767333984375 , 0.7800750732421875 , -0.547119140625 
-0.2830352783203125 , 0.7797393798828125 , -0.545501708984375 
-0.2838897705078125 , 0.770416259765625 , -0.5425567626953125 
-0.2810516357421875 , 0.7678985595703125 , -0.5437774658203125 
-0.278961181640625 , 0.7714080810546875 , -0.5402374267578125 
-0.278900146484375 , 0.7756195068359375 , -0.5326080322265625 
-0.2732696533203125 , 0.777374267578125 , -0.5331573486328125 
-0.2691802978515625 , 0.7847900390625 , -0.5381622314453125 
-0.270355224609375 , 0.794097900390625 , -0.5489654541015625 
-0.27630615234375 , 0.8003692626953125 , -0.550140380859375 
-0.277313232421875 , 0.7931060791015625 , -0.5426483154296875 
-0.2757110595703125 , 0.7918853759765625 , -0.531158447265625 
-0.2752685546875 , 0.7967529296875 , -0.5207672119140625 
-0.2803802490234375 , 0.78497314453125 , -0.5193939208984375 
-0.2848968505859375 , 0.7676239013671875 , -0.5233612060546875 
-0.2769012451171875 , 0.7617034912109375 , -0.5253143310546875 
-0.2722930908203125 , 0.7798919677734375 , -0.5331878662109375 
-0.270294189453125 , 0.7908782958984375 , -0.5337982177734375 
-0.2725830078125 , 0.7988128662109375 , -0.5400390625 
-0.2720794677734375 , 0.8008575439453125 , -0.544769287109375 
-0.269683837890625 , 0.811309814453125 , -0.5528106689453125 
-0.26702880859375 , 0.8288726806640625 , -0.556121826171875 
-0.26824951171875 , 0.8304290771484375 , -0.5497589111328125 
-0.2697906494140625 , 0.829132080078125 , -0.5516204833984375 
-0.27056884765625 , 0.8245086669921875 , -0.5498504638671875 
-0.2708892822265625 , 0.823333740234375 , -0.5498504638671875 
-0.269073486328125 , 0.818206787109375 , -0.5482635498046875 
-0.264923095703125 , 0.81787109375 , -0.5508270263671875 
-0.25970458984375 , 0.815887451171875 , -0.5478057861328125 
-0.26092529296875 , 0.81329345703125 , -0.550445556640625 
-0.2591552734375 , 0.8208770751953125 , -0.5545501708984375 
-0.25738525390625 , 0.8181304931640625 , -0.5589752197265625 
-0.256927490234375 , 0.81304931640625 , -0.5578460693359375 
-0.25408935546875 , 0.8132476806640625 , -0.557891845703125 
-0.2563629150390625 , 0.8060302734375 , -0.5565032958984375 
-0.2562255859375 , 0.802825927734375 , -0.555023193359375 
-0.2580108642578125 , 0.8052520751953125 , -0.5506134033203125 
-0.26031494140625 , 0.80548095703125 , -0.5502777099609375 
-0.2672271728515625 , 0.7937164306640625 , -0.5458526611328125 
-0.26104736328125 , 0.77947998046875 , -0.5411834716796875 
-0.2504730224609375 , 0.7887115478515625 , -0.542022705078125 
-0.2484283447265625 , 0.789093017578125 , -0.5411529541015625 
-0.2480010986328125 , 0.7890472412109375 , -0.54193115234375 
-0.2498779296875 , 0.795989990234375 , -0.5411376953125 
-0.25103759765625 , 0.7983856201171875 , -0.53985595703125 
-0.2498016357421875 , 0.7917938232421875 , -0.5421905517578125 
-0.244842529296875 , 0.7801971435546875 , -0.539276123046875 
-0.2463226318359375 , 0.78387451171875 , -0.5402679443359375 
-0.2481689453125 , 0.794952392578125 , -0.540435791015625 
-0.250579833984375 , 0.796112060546875 , -0.5419769287109375 
-0.25341796875 , 0.799285888671875 , -0.5426177978515625 
-0.25494384765625 , 0.804290771484375 , -0.541046142578125 
-0.2497406005859375 , 0.8008270263671875 , -0.5552520751953125 
-0.2537994384765625 , 0.80743408203125 , -0.5566558837890625 
-0.2573394775390625 , 0.7952728271484375 , -0.553955078125 
-0.25775146484375 , 0.7845916748046875 , -0.5529327392578125 
-0.25921630859375 , 0.789093017578125 , -0.5478057861328125 
-0.2505035400390625 , 0.791259765625 , -0.5602264404296875 
-0.259552001953125 , 0.8181915283203125 , -0.5613250732421875 
-0.272186279296875 , 0.82861328125 , -0.5888214111328125 
-0.266510009765625 , 0.8147735595703125 , -0.5931396484375 
-0.2338104248046875 , 0.81121826171875 , -0.5885467529296875 
-0.225067138671875 , 0.7909698486328125 , -0.5975494384765625 
-0.2404327392578125 , 0.75390625 , -0.604217529296875 
-0.239654541015625 , 0.733856201171875 , -0.6186981201171875 
-0.2381744384765625 , 0.7422637939453125 , -0.617279052734375 
-0.242584228515625 , 0.7322235107421875 , -0.63555908203125 
-0.239471435546875 , 0.727447509765625 , -0.63262939453125 
-0.2329559326171875 , 0.7478485107421875 , -0.6389312744140625 
-0.245086669921875 , 0.7342987060546875 , -0.65350341796875 
-0.2466278076171875 , 0.7419281005859375 , -0.647064208984375 
-0.2209320068359375 , 0.7259063720703125 , -0.665771484375 
-0.2276611328125 , 0.7225494384765625 , -0.67901611328125 
-0.231903076171875 , 0.6973419189453125 , -0.70281982421875 
-0.2367401123046875 , 0.66986083984375 , -0.7023773193359375 
-0.22833251953125 , 0.6617584228515625 , -0.7010498046875 
-0.217803955078125 , 0.646514892578125 , -0.709259033203125 
-0.22296142578125 , 0.6613922119140625 , -0.7066497802734375 
-0.2290496826171875 , 0.64996337890625 , -0.722503662109375 
-0.228302001953125 , 0.632598876953125 , -0.7243499755859375 
-0.2167816162109375 , 0.5978851318359375 , -0.7449188232421875 
-0.2369384765625 , 0.6041107177734375 , -0.7499847412109375 
-0.2202301025390625 , 0.5938720703125 , -0.7606048583984375 
-0.2134857177734375 , 0.6011199951171875 , -0.76177978515625 
-0.21783447265625 , 0.5868072509765625 , -0.78076171875 
-0.221771240234375 , 0.5635528564453125 , -0.79071044921875 
-0.2207794189453125 , 0.545501708984375 , -0.791015625 
-0.224853515625 , 0.5002288818359375 , -0.78594970703125 
-0.2201995849609375 , 0.4774017333984375 , -0.7896881103515625 
-0.2220916748046875 , 0.495452880859375 , -0.800628662109375 
-0.2241363525390625 , 0.5037994384765625 , -0.8162994384765625 
-0.219085693359375 , 0.4942626953125 , -0.8311004638671875 
-0.217742919921875 , 0.477020263671875 , -0.8358917236328125 
-0.227294921875 , 0.460479736328125 , -0.836944580078125 
-0.2255096435546875 , 0.4673614501953125 , -0.822784423828125 
-0.2277374267578125 , 0.48687744140625 , -0.82965087890625 
-0.2360687255859375 , 0.5045013427734375 , -0.82574462890625 
-0.233489990234375 , 0.5076141357421875 , -0.8326568603515625 
-0.2330169677734375 , 0.488372802734375 , -0.837066650390625 
-0.2349395751953125 , 0.46209716796875 , -0.8448028564453125 
-0.2347259521484375 , 0.4532318115234375 , -0.84808349609375 
-0.23382568359375 , 0.46954345703125 , -0.8509521484375 
-0.234222412109375 , 0.4813232421875 , -0.848785400390625 
-0.2311859130859375 , 0.467742919921875 , -0.8498077392578125 
-0.2362518310546875 , 0.4606781005859375 , -0.853912353515625 
-0.241912841796875 , 0.463165283203125 , -0.8535614013671875 
-0.2429046630859375 , 0.466644287109375 , -0.8609466552734375 
-0.241302490234375 , 0.4663848876953125 , -0.854400634765625 
-0.2383575439453125 , 0.470794677734375 , -0.843902587890625 
-0.2400970458984375 , 0.4693450927734375 , -0.83770751953125 
-0.233062744140625 , 0.4736175537109375 , -0.832275390625 
-0.2299652099609375 , 0.484649658203125 , -0.826080322265625 
-0.2290802001953125 , 0.4939117431640625 , -0.8166351318359375 
-0.2230072021484375 , 0.5120086669921875 , -0.80877685546875 
-0.220947265625 , 0.529632568359375 , -0.797821044921875 
-0.2295989990234375 , 0.53900146484375 , -0.78021240234375 
-0.225189208984375 , 0.53338623046875 , -0.7648773193359375 
-0.2171478271484375 , 0.5589599609375 , -0.7376556396484375 
-0.2036285400390625 , 0.583099365234375 , -0.71197509765625 
-0.20208740234375 , 0.6345062255859375 , -0.6881256103515625 
-0.20599365234375 , 0.71112060546875 , -0.673675537109375 
-0.2093658447265625 , 0.73895263671875 , -0.6710357666015625 
-0.2144622802734375 , 0.7365875244140625 , -0.674468994140625 
-0.214019775390625 , 0.73724365234375 , -0.6617279052734375 
-0.214752197265625 , 0.7344818115234375 , -0.6400604248046875 
-0.217620849609375 , 0.744873046875 , -0.6064300537109375 
-0.21368408203125 , 0.7615966796875 , -0.569183349609375 
-0.2086181640625 , 0.778533935546875 , -0.5485076904296875 
-0.2073516845703125 , 0.7916717529296875 , -0.53515625 
-0.2086181640625 , 0.8135833740234375 , -0.5388031005859375 
-0.218597412109375 , 0.824249267578125 , -0.5457000732421875 
-0.2180023193359375 , 0.8213043212890625 , -0.536651611328125 
-0.2147674560546875 , 0.815826416015625 , -0.52056884765625 
-0.2144927978515625 , 0.8247528076171875 , -0.4913482666015625 
-0.2082672119140625 , 0.83258056640625 , -0.469482421875 
-0.2022857666015625 , 0.83880615234375 , -0.4525299072265625 
-0.199005126953125 , 0.85028076171875 , -0.4499664306640625 
-0.201171875 , 0.8642120361328125 , -0.4517822265625 
-0.1991119384765625 , 0.8709869384765625 , -0.45428466796875 
-0.20458984375 , 0.8880767822265625 , -0.4486236572265625 
-0.2060699462890625 , 0.8936920166015625 , -0.439361572265625 
-0.209259033203125 , 0.88897705078125 , -0.4243927001953125 
-0.1986083984375 , 0.882415771484375 , -0.408203125 
-0.18670654296875 , 0.891571044921875 , -0.4047393798828125 
-0.187744140625 , 0.886199951171875 , -0.3966217041015625 
-0.1912994384765625 , 0.8977203369140625 , -0.3915557861328125 
-0.1920318603515625 , 0.9136199951171875 , -0.391204833984375 
-0.1961669921875 , 0.9203643798828125 , -0.3982696533203125 
-0.1973419189453125 , 0.9217681884765625 , -0.3981781005859375 
-0.1983489990234375 , 0.9226226806640625 , -0.3881683349609375 
-0.200958251953125 , 0.9153289794921875 , -0.3840179443359375 
-0.2021484375 , 0.910430908203125 , -0.3819732666015625 
-0.2008514404296875 , 0.909271240234375 , -0.3831329345703125 
-0.20709228515625 , 0.9011077880859375 , -0.386962890625 
-0.208709716796875 , 0.9020233154296875 , -0.392974853515625 
-0.2105255126953125 , 0.9113922119140625 , -0.3900909423828125 
-0.206451416015625 , 0.907806396484375 , -0.38458251953125 
-0.2010498046875 , 0.90673828125 , -0.39141845703125 
-0.1947784423828125 , 0.91265869140625 , -0.394256591796875 
-0.198028564453125 , 0.914764404296875 , -0.4039764404296875 
-0.19671630859375 , 0.9135284423828125 , -0.4019012451171875 
-0.1988677978515625 , 0.9073333740234375 , -0.3962554931640625 
-0.20843505859375 , 0.895843505859375 , -0.3871917724609375 
-0.2142181396484375 , 0.8916168212890625 , -0.383636474609375 
-0.2113189697265625 , 0.893951416015625 , -0.3847503662109375 
-0.2115936279296875 , 0.8943023681640625 , -0.39312744140625 
-0.2149810791015625 , 0.895233154296875 , -0.3945770263671875 
-0.2088775634765625 , 0.8991546630859375 , -0.3957977294921875 
-0.203887939453125 , 0.902008056640625 , -0.3931427001953125 
-0.2059478759765625 , 0.9029083251953125 , -0.3944244384765625 
-0.2049407958984375 , 0.89501953125 , -0.397735595703125 
-0.20587158203125 , 0.892364501953125 , -0.396148681640625 
-0.2081756591796875 , 0.8895111083984375 , -0.3956756591796875 
-0.211029052734375 , 0.8892059326171875 , -0.393707275390625 
-0.2093353271484375 , 0.891693115234375 , -0.3946990966796875 
-0.206817626953125 , 0.8922271728515625 , -0.396759033203125 
-0.2053985595703125 , 0.89093017578125 , -0.4002685546875 
-0.20782470703125 , 0.8921051025390625 , -0.3988037109375 
-0.2054290771484375 , 0.89617919921875 , -0.3978729248046875 
-0.2081146240234375 , 0.899017333984375 , -0.397735595703125 
-0.211669921875 , 0.8909759521484375 , -0.3969268798828125 
-0.21295166015625 , 0.8987274169921875 , -0.4044647216796875 
-0.21539306640625 , 0.9058074951171875 , -0.408111572265625 
-0.214111328125 , 0.906646728515625 , -0.4100494384765625 
-0.2119140625 , 0.909576416015625 , -0.412353515625 
-0.20989990234375 , 0.9052581787109375 , -0.403350830078125 
-0.2076263427734375 , 0.8965606689453125 , -0.40216064453125 
-0.204132080078125 , 0.886932373046875 , -0.4029083251953125 
-0.1982421875 , 0.881011962890625 , -0.405670166015625 
-0.198516845703125 , 0.885894775390625 , -0.4132843017578125 
-0.2060546875 , 0.8916015625 , -0.409515380859375 
-0.2056884765625 , 0.890777587890625 , -0.4079437255859375 
-0.2054595947265625 , 0.88934326171875 , -0.406951904296875 
-0.2079620361328125 , 0.8889617919921875 , -0.40869140625 
-0.2064666748046875 , 0.892608642578125 , -0.41400146484375 
-0.2050933837890625 , 0.892913818359375 , -0.4144287109375 
-0.205841064453125 , 0.88909912109375 , -0.4133453369140625 
-0.208465576171875 , 0.880706787109375 , -0.409759521484375 
-0.2090606689453125 , 0.878997802734375 , -0.405364990234375 
-0.2053985595703125 , 0.88153076171875 , -0.4043121337890625 
-0.202484130859375 , 0.8826751708984375 , -0.404571533203125 
-0.2007293701171875 , 0.8804779052734375 , -0.4053192138671875 
-0.202178955078125 , 0.8795928955078125 , -0.4098663330078125 
-0.203460693359375 , 0.8795928955078125 , -0.4108734130859375 
-0.2035980224609375 , 0.883209228515625 , -0.4091339111328125 
-0.20635986328125 , 0.8808746337890625 , -0.406707763671875 
-0.2084808349609375 , 0.879241943359375 , -0.4082183837890625 
-0.2094573974609375 , 0.885162353515625 , -0.404052734375 
-0.2120819091796875 , 0.8889923095703125 , -0.4049224853515625 
-0.2171478271484375 , 0.8871002197265625 , -0.4026336669921875 
-0.215972900390625 , 0.8848876953125 , -0.40350341796875 
-0.21075439453125 , 0.8839569091796875 , -0.4072265625 
-0.205902099609375 , 0.88018798828125 , -0.4102325439453125 
-0.2050933837890625 , 0.8834686279296875 , -0.4098968505859375 
-0.205810546875 , 0.8940887451171875 , -0.41107177734375 
-0.208709716796875 , 0.89483642578125 , -0.4076690673828125 
-0.2090301513671875 , 0.8892059326171875 , -0.40814208984375 
-0.208343505859375 , 0.8841705322265625 , -0.4074249267578125 
-0.202972412109375 , 0.8843994140625 , -0.4093475341796875 
-0.1984710693359375 , 0.8969573974609375 , -0.409454345703125 
-0.200531005859375 , 0.89599609375 , -0.4091339111328125 
-0.2017059326171875 , 0.890960693359375 , -0.41131591796875 
-0.1979827880859375 , 0.8957366943359375 , -0.4154510498046875 
-0.1958160400390625 , 0.900299072265625 , -0.4126739501953125 
-0.1975250244140625 , 0.896087646484375 , -0.4115447998046875 
-0.1977996826171875 , 0.895599365234375 , -0.4114837646484375 
-0.196075439453125 , 0.89703369140625 , -0.41229248046875 
-0.1985931396484375 , 0.9021148681640625 , -0.416046142578125 
-0.1993255615234375 , 0.902801513671875 , -0.4208526611328125 
-0.1917572021484375 , 0.9077301025390625 , -0.4253692626953125 
-0.1911163330078125 , 0.924468994140625 , -0.4376983642578125 
-0.1842041015625 , 0.9156646728515625 , -0.446807861328125 
-0.196746826171875 , 0.93658447265625 , -0.44561767578125 
-0.2013702392578125 , 0.945892333984375 , -0.4541778564453125 
-0.1972198486328125 , 0.916778564453125 , -0.467742919921875 
-0.190399169921875 , 0.8984832763671875 , -0.4742431640625 
-0.1816253662109375 , 0.86065673828125 , -0.482330322265625 
-0.17669677734375 , 0.830169677734375 , -0.496307373046875 
-0.174407958984375 , 0.8206329345703125 , -0.5268707275390625 
-0.1799468994140625 , 0.862762451171875 , -0.547515869140625 
-0.180511474609375 , 0.852752685546875 , -0.5684661865234375 
-0.186492919921875 , 0.8595123291015625 , -0.5810089111328125 
-0.179718017578125 , 0.8644256591796875 , -0.5920867919921875 
-0.1809234619140625 , 0.815826416015625 , -0.6163482666015625 
-0.177337646484375 , 0.76153564453125 , -0.6182861328125 
-0.162628173828125 , 0.70379638671875 , -0.632110595703125 
-0.15545654296875 , 0.656036376953125 , -0.6632080078125 
-0.164306640625 , 0.6635284423828125 , -0.7094879150390625 
-0.205657958984375 , 0.671295166015625 , -0.740936279296875 
-0.173370361328125 , 0.6157989501953125 , -0.7666473388671875 
-0.201995849609375 , 0.6456451416015625 , -0.74749755859375 
-0.18682861328125 , 0.5367279052734375 , -0.7323150634765625 
-0.1777801513671875 , 0.45550537109375 , -0.715118408203125 
-0.1583099365234375 , 0.3894500732421875 , -0.7525177001953125 
-0.19482421875 , 0.3763427734375 , -0.789703369140625 
-0.2294921875 , 0.3560333251953125 , -0.8258514404296875 
-0.2294158935546875 , 0.3110504150390625 , -0.8487548828125 
-0.2104949951171875 , 0.305755615234375 , -0.8974151611328125 
-0.2330780029296875 , 0.2962493896484375 , -0.91796875 
-0.2403564453125 , 0.24761962890625 , -0.916748046875 
-0.2322235107421875 , 0.1889190673828125 , -0.930145263671875 
-0.2621307373046875 , 0.1598358154296875 , -0.934661865234375 
-0.265472412109375 , 0.0972900390625 , -0.951141357421875 
-0.2899017333984375 , 0.130615234375 , -0.9250640869140625 
-0.30078125 , 0.0872039794921875 , -0.892608642578125 
-0.300872802734375 , -0.0458526611328125 , -0.889984130859375 
-0.30670166015625 , -0.1053619384765625 , -0.908966064453125 
-0.3551177978515625 , -0.134796142578125 , -0.9352569580078125 
-0.3824462890625 , -0.09326171875 , -0.95233154296875 
-0.396026611328125 , -0.04266357421875 , -0.963714599609375 
-0.39776611328125 , -0.00360107421875 , -0.9646148681640625 
-0.414031982421875 , -0.0086669921875 , -0.9586029052734375 
-0.4035186767578125 , -0.045989990234375 , -0.9636993408203125 
-0.401947021484375 , -0.040679931640625 , -0.9487457275390625 
-0.4097442626953125 , -0.054962158203125 , -0.941497802734375 
-0.4172515869140625 , -0.0740814208984375 , -0.93292236328125 
-0.417144775390625 , -0.0652923583984375 , -0.9241943359375 
-0.4123992919921875 , -0.0229339599609375 , -0.9143524169921875 
-0.3939666748046875 , 0.0050506591796875 , -0.918243408203125 
-0.3991546630859375 , 0.0306396484375 , -0.921905517578125 
-0.417022705078125 , 0.0377197265625 , -0.921661376953125 
-0.3968353271484375 , 0.03985595703125 , -0.9185028076171875 
-0.3856048583984375 , 0.0549774169921875 , -0.9144287109375 
-0.38909912109375 , 0.0223236083984375 , -0.9098968505859375 
-0.3836669921875 , 0.00469970703125 , -0.9108428955078125 
-0.3664398193359375 , 0.0199432373046875 , -0.91033935546875 
-0.3760528564453125 , 0.011016845703125 , -0.9337158203125 
-0.384246826171875 , 0.0151519775390625 , -0.9429168701171875 
-0.3811187744140625 , 0.0215301513671875 , -0.9419097900390625 
-0.3770294189453125 , 0.0148773193359375 , -0.9384765625 
-0.3603973388671875 , 0.0183868408203125 , -0.9251556396484375 
-0.3554229736328125 , 0.0181121826171875 , -0.924224853515625 
-0.360992431640625 , 0.0253143310546875 , -0.920440673828125 
-0.345428466796875 , 0.0264434814453125 , -0.909088134765625 
-0.33642578125 , 0.0198822021484375 , -0.90972900390625 
-0.3303375244140625 , 0.022186279296875 , -0.908050537109375 
-0.336273193359375 , 0.0200347900390625 , -0.9044952392578125 
-0.3416595458984375 , 0.0386505126953125 , -0.9080657958984375 
-0.3447265625 , 0.08221435546875 , -0.9039764404296875 
-0.3499603271484375 , 0.1448211669921875 , -0.8915557861328125 
-0.3627471923828125 , 0.231536865234375 , -0.8712921142578125 
-0.326507568359375 , 0.3498687744140625 , -0.849456787109375 
-0.2849273681640625 , 0.4258270263671875 , -0.84454345703125 
-0.2749481201171875 , 0.4329833984375 , -0.848785400390625 
-0.278656005859375 , 0.432830810546875 , -0.856597900390625 
-0.2898712158203125 , 0.4604644775390625 , -0.8563232421875 
-0.294097900390625 , 0.4965972900390625 , -0.8300933837890625 
-0.294342041015625 , 0.5284423828125 , -0.7795867919921875 
-0.2915802001953125 , 0.564361572265625 , -0.721405029296875 
-0.268890380859375 , 0.6163330078125 , -0.6833953857421875 
-0.2557373046875 , 0.683624267578125 , -0.6653900146484375 
-0.244140625 , 0.735626220703125 , -0.6476287841796875 
-0.2487640380859375 , 0.76885986328125 , -0.649658203125 
-0.2628326416015625 , 0.778717041015625 , -0.6434783935546875 
-0.259002685546875 , 0.77825927734375 , -0.6276397705078125 
-0.246612548828125 , 0.798095703125 , -0.5967254638671875 
-0.2305755615234375 , 0.8078460693359375 , -0.5460662841796875 
-0.2167816162109375 , 0.8133544921875 , -0.499267578125 
-0.2052764892578125 , 0.8162994384765625 , -0.4559478759765625 
-0.209564208984375 , 0.836761474609375 , -0.4229583740234375 
-0.2211761474609375 , 0.8723907470703125 , -0.4090118408203125 
-0.233062744140625 , 0.940887451171875 , -0.40069580078125 
-0.250030517578125 , 0.980712890625 , -0.377655029296875 
-0.23406982421875 , 0.9859619140625 , -0.3529815673828125 
-0.210418701171875 , 0.9718780517578125 , -0.322662353515625 
-0.19500732421875 , 0.9439544677734375 , -0.3074188232421875 
-0.1979217529296875 , 0.941009521484375 , -0.3023834228515625 
-0.2088775634765625 , 0.93951416015625 , -0.2780914306640625 
-0.2132720947265625 , 0.94085693359375 , -0.2637939453125 
-0.21759033203125 , 0.9588623046875 , -0.248260498046875 
-0.2082061767578125 , 0.962615966796875 , -0.22772216796875 
-0.2030487060546875 , 0.9688720703125 , -0.2180938720703125 
-0.19830322265625 , 0.9732818603515625 , -0.2138671875 
-0.193145751953125 , 0.9775238037109375 , -0.2169647216796875 
-0.1927032470703125 , 0.9853973388671875 , -0.22100830078125 
-0.2024688720703125 , 0.9852142333984375 , -0.222869873046875 
-0.2140960693359375 , 0.9779815673828125 , -0.2199554443359375 
-0.2205047607421875 , 0.9660491943359375 , -0.2212982177734375 
-0.2165679931640625 , 0.963623046875 , -0.218780517578125 
-0.213287353515625 , 0.9532623291015625 , -0.2204132080078125 
-0.2136383056640625 , 0.9444427490234375 , -0.222259521484375 
-0.21533203125 , 0.9455413818359375 , -0.2238006591796875 
-0.2162017822265625 , 0.9528961181640625 , -0.2317962646484375 
-0.217071533203125 , 0.967498779296875 , -0.2313079833984375 
-0.217376708984375 , 0.97003173828125 , -0.22613525390625 
-0.2156219482421875 , 0.964813232421875 , -0.220672607421875 
-0.2153472900390625 , 0.962371826171875 , -0.2227325439453125 
-0.21435546875 , 0.9585113525390625 , -0.2181549072265625 
-0.20745849609375 , 0.9496612548828125 , -0.2187957763671875 
-0.21087646484375 , 0.945159912109375 , -0.2227935791015625 
-0.2221832275390625 , 0.9412994384765625 , -0.223968505859375 
-0.2269287109375 , 0.940826416015625 , -0.2338104248046875 
-0.2266082763671875 , 0.9536895751953125 , -0.2359161376953125 
-0.22607421875 , 0.9602203369140625 , -0.2444610595703125 
-0.2225494384765625 , 0.9650421142578125 , -0.2485504150390625 
-0.2191925048828125 , 0.957427978515625 , -0.2521820068359375 
-0.2130279541015625 , 0.936004638671875 , -0.2574615478515625 
-0.2021942138671875 , 0.9260711669921875 , -0.2548065185546875 
-0.19610595703125 , 0.924468994140625 , -0.26007080078125 
-0.1995086669921875 , 0.9246673583984375 , -0.269073486328125 
-0.2032470703125 , 0.918914794921875 , -0.2803497314453125 
-0.204254150390625 , 0.9158782958984375 , -0.2806854248046875 
-0.20269775390625 , 0.9275360107421875 , -0.2797698974609375 
-0.2061614990234375 , 0.9331512451171875 , -0.28070068359375 
-0.211151123046875 , 0.935638427734375 , -0.2824249267578125 
-0.21453857421875 , 0.932647705078125 , -0.27569580078125 
-0.21295166015625 , 0.9375152587890625 , -0.2816009521484375 
-0.2149200439453125 , 0.9506378173828125 , -0.2809600830078125 
-0.2158203125 , 0.9476165771484375 , -0.2825164794921875 
-0.21429443359375 , 0.9329986572265625 , -0.28436279296875 
-0.209014892578125 , 0.9293060302734375 , -0.289520263671875 
-0.2092132568359375 , 0.9312744140625 , -0.2895355224609375 
-0.2119598388671875 , 0.925567626953125 , -0.292266845703125 
-0.21539306640625 , 0.9190521240234375 , -0.2967071533203125 
-0.211212158203125 , 0.9170684814453125 , -0.29693603515625 
-0.2073822021484375 , 0.92315673828125 , -0.293060302734375 
-0.209259033203125 , 0.93011474609375 , -0.2954864501953125 
-0.21417236328125 , 0.9348602294921875 , -0.2914276123046875 
-0.2133636474609375 , 0.930633544921875 , -0.2969207763671875 
-0.2098541259765625 , 0.9246978759765625 , -0.2974700927734375 
-0.209136962890625 , 0.9244842529296875 , -0.3017120361328125 
-0.20819091796875 , 0.931610107421875 , -0.3087005615234375 
-0.20892333984375 , 0.9336700439453125 , -0.3077545166015625 
-0.213226318359375 , 0.9293365478515625 , -0.305816650390625 
-0.2154998779296875 , 0.920745849609375 , -0.3041229248046875 
-0.2132568359375 , 0.915557861328125 , -0.3017425537109375 
-0.2136077880859375 , 0.9122314453125 , -0.2992095947265625 
-0.2109832763671875 , 0.918060302734375 , -0.298980712890625 
-0.2113494873046875 , 0.9224395751953125 , -0.2943878173828125 
-0.2132110595703125 , 0.928009033203125 , -0.3009796142578125 
-0.2156982421875 , 0.9268035888671875 , -0.3074188232421875 
-0.216827392578125 , 0.9213409423828125 , -0.3162384033203125 
-0.214630126953125 , 0.930694580078125 , -0.317535400390625 
-0.2148590087890625 , 0.9334564208984375 , -0.3097991943359375 
-0.21795654296875 , 0.93145751953125 , -0.302459716796875 
-0.2198333740234375 , 0.9234466552734375 , -0.2950439453125 
-0.220367431640625 , 0.9170379638671875 , -0.30029296875 
-0.2231597900390625 , 0.9237823486328125 , -0.3067626953125 
-0.2256011962890625 , 0.9336090087890625 , -0.3158721923828125 
-0.223114013671875 , 0.935302734375 , -0.313232421875 
-0.2134857177734375 , 0.9319305419921875 , -0.3147735595703125 
-0.20562744140625 , 0.9241485595703125 , -0.3193511962890625 
-0.208892822265625 , 0.9207763671875 , -0.3174285888671875 
-0.214813232421875 , 0.9148406982421875 , -0.3185577392578125 
-0.2203521728515625 , 0.9070587158203125 , -0.3161773681640625 
-0.2161712646484375 , 0.906951904296875 , -0.31304931640625 
-0.2125244140625 , 0.9106292724609375 , -0.3177337646484375 
-0.2154541015625 , 0.90948486328125 , -0.3217620849609375 
-0.2124786376953125 , 0.907073974609375 , -0.322662353515625 
-0.2101593017578125 , 0.9165496826171875 , -0.32275390625 
-0.210693359375 , 0.930694580078125 , -0.3223724365234375 
-0.215576171875 , 0.929473876953125 , -0.3221588134765625 
-0.2170562744140625 , 0.927032470703125 , -0.318023681640625 
-0.2146759033203125 , 0.9225921630859375 , -0.31109619140625 
-0.214385986328125 , 0.9249114990234375 , -0.3148040771484375 
-0.2173004150390625 , 0.92608642578125 , -0.3163909912109375 
-0.218658447265625 , 0.923980712890625 , -0.3184051513671875 
-0.217529296875 , 0.9202880859375 , -0.31939697265625 
-0.21490478515625 , 0.9219818115234375 , -0.316925048828125 
-0.2117462158203125 , 0.929656982421875 , -0.318145751953125 
-0.2095794677734375 , 0.938018798828125 , -0.321258544921875 
-0.2060394287109375 , 0.9361114501953125 , -0.32281494140625 
-0.20782470703125 , 0.9351043701171875 , -0.3245849609375 
-0.2084503173828125 , 0.9239501953125 , -0.323272705078125 
-0.20819091796875 , 0.9181060791015625 , -0.327362060546875 
-0.206695556640625 , 0.92620849609375 , -0.3250579833984375 
-0.2032470703125 , 0.924163818359375 , -0.3265380859375 
-0.2047882080078125 , 0.93682861328125 , -0.333465576171875 
-0.206573486328125 , 0.9421234130859375 , -0.3346710205078125 
-0.2105560302734375 , 0.9550323486328125 , -0.3324432373046875 
-0.2089080810546875 , 0.95831298828125 , -0.33746337890625 
-0.20831298828125 , 0.938873291015625 , -0.353363037109375 
-0.2069244384765625 , 0.94384765625 , -0.3571014404296875 
-0.1981964111328125 , 0.941650390625 , -0.3614654541015625 
-0.2011566162109375 , 0.9493255615234375 , -0.3675079345703125 
-0.2115325927734375 , 0.9382476806640625 , -0.389068603515625 
-0.2051849365234375 , 0.9133758544921875 , -0.401397705078125 
-0.19586181640625 , 0.9105072021484375 , -0.419158935546875 
-0.19677734375 , 0.9047088623046875 , -0.417694091796875 
-0.2008209228515625 , 0.8681793212890625 , -0.439239501953125 
-0.20648193359375 , 0.8878021240234375 , -0.4243011474609375 
-0.19134521484375 , 0.8881072998046875 , -0.446563720703125 
-0.189910888671875 , 0.8520660400390625 , -0.482666015625 
-0.195953369140625 , 0.8391265869140625 , -0.504608154296875 
-0.20526123046875 , 0.8073883056640625 , -0.5027313232421875 
-0.20501708984375 , 0.7909698486328125 , -0.5095672607421875 
-0.1890106201171875 , 0.784210205078125 , -0.5288848876953125 
-0.193939208984375 , 0.843353271484375 , -0.523834228515625 
-0.1937103271484375 , 0.82525634765625 , -0.5519561767578125 
-0.1956787109375 , 0.8156890869140625 , -0.5797882080078125 
-0.1926116943359375 , 0.8093719482421875 , -0.5941619873046875 
-0.196533203125 , 0.7339019775390625 , -0.6069183349609375 
-0.198577880859375 , 0.6854248046875 , -0.6171417236328125 
-0.19451904296875 , 0.67120361328125 , -0.6288299560546875 
-0.199188232421875 , 0.6905517578125 , -0.6270751953125 
-0.211883544921875 , 0.68695068359375 , -0.649871826171875 
-0.222442626953125 , 0.686126708984375 , -0.645751953125 
-0.2183685302734375 , 0.6802520751953125 , -0.67181396484375 
-0.22235107421875 , 0.6820220947265625 , -0.6916046142578125 
-0.2265167236328125 , 0.6966705322265625 , -0.691864013671875 
-0.220916748046875 , 0.67230224609375 , -0.6894989013671875 
-0.2127532958984375 , 0.6557769775390625 , -0.68408203125 
-0.2076568603515625 , 0.653594970703125 , -0.6859588623046875 
-0.2149658203125 , 0.664031982421875 , -0.689208984375 
-0.2151641845703125 , 0.657562255859375 , -0.6839752197265625 
-0.2191009521484375 , 0.6352081298828125 , -0.6866912841796875 
-0.2240142822265625 , 0.62823486328125 , -0.6868743896484375 
-0.2186279296875 , 0.6458892822265625 , -0.690216064453125 
-0.2169647216796875 , 0.658355712890625 , -0.694854736328125 
-0.2154998779296875 , 0.6630401611328125 , -0.6986846923828125 
-0.21710205078125 , 0.6660919189453125 , -0.702239990234375 
-0.2120361328125 , 0.6667327880859375 , -0.7053070068359375 
-0.21112060546875 , 0.6612396240234375 , -0.7098846435546875 
-0.2083282470703125 , 0.6587371826171875 , -0.70623779296875 
-0.206695556640625 , 0.6607666015625 , -0.704986572265625 
-0.2115020751953125 , 0.6587677001953125 , -0.7089080810546875 
-0.214508056640625 , 0.6584320068359375 , -0.7133026123046875 
-0.2197113037109375 , 0.658294677734375 , -0.7091827392578125 
-0.2162933349609375 , 0.6601104736328125 , -0.7078704833984375 
-0.2115936279296875 , 0.6790313720703125 , -0.709625244140625 
-0.2103424072265625 , 0.693359375 , -0.7060089111328125 
-0.2100982666015625 , 0.7013702392578125 , -0.6967926025390625 
-0.2075042724609375 , 0.714080810546875 , -0.6884613037109375 
-0.2075653076171875 , 0.722930908203125 , -0.6810455322265625 
-0.210052490234375 , 0.721466064453125 , -0.6751861572265625 
-0.212921142578125 , 0.7049713134765625 , -0.660247802734375 
-0.2136688232421875 , 0.6894989013671875 , -0.6534881591796875 
-0.223175048828125 , 0.704559326171875 , -0.6471710205078125 
-0.2270965576171875 , 0.7232666015625 , -0.631103515625 
-0.2227630615234375 , 0.725830078125 , -0.6231231689453125 
-0.211334228515625 , 0.729766845703125 , -0.616729736328125 
-0.20025634765625 , 0.745513916015625 , -0.602294921875 
-0.201141357421875 , 0.761077880859375 , -0.5918426513671875 
-0.198394775390625 , 0.76153564453125 , -0.574798583984375 
-0.18597412109375 , 0.755523681640625 , -0.55718994140625 
-0.1844482421875 , 0.74755859375 , -0.5424346923828125 
-0.1921844482421875 , 0.7515869140625 , -0.5283355712890625 
-0.1985626220703125 , 0.7744598388671875 , -0.51300048828125 
-0.197998046875 , 0.8003082275390625 , -0.4979095458984375 
-0.1927490234375 , 0.82427978515625 , -0.47821044921875 
-0.191558837890625 , 0.84173583984375 , -0.468048095703125 
-0.2089385986328125 , 0.8417510986328125 , -0.449737548828125 
-0.206634521484375 , 0.84228515625 , -0.42596435546875 
-0.1959228515625 , 0.87396240234375 , -0.38525390625 
-0.189117431640625 , 0.8980865478515625 , -0.3510284423828125 
-0.2009735107421875 , 0.92840576171875 , -0.3367919921875 
-0.209259033203125 , 0.953277587890625 , -0.3314208984375 
-0.212493896484375 , 0.9606170654296875 , -0.3426666259765625 
-0.210357666015625 , 0.93597412109375 , -0.338775634765625 
-0.212738037109375 , 0.920654296875 , -0.3338623046875 
-0.21661376953125 , 0.9344482421875 , -0.3151702880859375 
-0.219573974609375 , 0.950897216796875 , -0.298370361328125 
-0.2181243896484375 , 0.968170166015625 , -0.2845001220703125 
-0.213836669921875 , 0.9759063720703125 , -0.2772064208984375 
-0.2142791748046875 , 0.975189208984375 , -0.2793121337890625 
-0.2201080322265625 , 0.9775848388671875 , -0.285003662109375 
-0.226470947265625 , 0.97515869140625 , -0.290802001953125 
-0.2264251708984375 , 0.964111328125 , -0.2916412353515625 
-0.2258148193359375 , 0.956756591796875 , -0.2910308837890625 
-0.2235107421875 , 0.9544677734375 , -0.2902679443359375 
-0.226165771484375 , 0.9584808349609375 , -0.2946929931640625 
-0.22662353515625 , 0.96099853515625 , -0.2957305908203125 
-0.2222900390625 , 0.9562835693359375 , -0.2987823486328125 
-0.2175445556640625 , 0.95306396484375 , -0.3023529052734375 
-0.2147369384765625 , 0.9457855224609375 , -0.3074493408203125 
-0.214813232421875 , 0.9380645751953125 , -0.310272216796875 
-0.214935302734375 , 0.9447174072265625 , -0.3151397705078125 
-0.2157745361328125 , 0.9484710693359375 , -0.3191986083984375 
-0.2207794189453125 , 0.939117431640625 , -0.3141326904296875 
-0.2215423583984375 , 0.9351654052734375 , -0.31298828125 
-0.2158050537109375 , 0.93878173828125 , -0.3182220458984375 
-0.215484619140625 , 0.94659423828125 , -0.3186798095703125 
-0.2150115966796875 , 0.9341278076171875 , -0.3156585693359375 
-0.22149658203125 , 0.9203338623046875 , -0.3155517578125 
-0.2214202880859375 , 0.9228363037109375 , -0.317474365234375 
-0.220001220703125 , 0.9257659912109375 , -0.31719970703125 
-0.22308349609375 , 0.92059326171875 , -0.3157958984375 
-0.22320556640625 , 0.9150390625 , -0.32073974609375 
-0.2182769775390625 , 0.91851806640625 , -0.3348846435546875 
-0.21942138671875 , 0.9146575927734375 , -0.33209228515625 
-0.2205047607421875 , 0.903228759765625 , -0.329925537109375 
-0.2170867919921875 , 0.905914306640625 , -0.3351287841796875 
-0.2119293212890625 , 0.9173431396484375 , -0.341461181640625 
-0.21722412109375 , 0.9203033447265625 , -0.34246826171875 
-0.2224578857421875 , 0.9073333740234375 , -0.332672119140625 
-0.22064208984375 , 0.9060516357421875 , -0.3277740478515625 
-0.2165069580078125 , 0.9201507568359375 , -0.3273162841796875 
-0.219635009765625 , 0.9219818115234375 , -0.3238677978515625 
-0.226409912109375 , 0.9144287109375 , -0.319732666015625 
-0.228057861328125 , 0.9111480712890625 , -0.3231048583984375 
-0.2227020263671875 , 0.91412353515625 , -0.3309326171875 
-0.2202301025390625 , 0.9160308837890625 , -0.3323211669921875 
-0.220489501953125 , 0.9167327880859375 , -0.3284454345703125 
-0.2247161865234375 , 0.9174346923828125 , -0.3282928466796875 
-0.226593017578125 , 0.9151153564453125 , -0.3295745849609375 
-0.2229766845703125 , 0.9117431640625 , -0.328460693359375 
-0.219757080078125 , 0.910980224609375 , -0.3259429931640625 
-0.22308349609375 , 0.9176788330078125 , -0.326324462890625 
-0.2247467041015625 , 0.9212799072265625 , -0.32916259765625 
-0.2241668701171875 , 0.9162750244140625 , -0.33148193359375 
-0.2156219482421875 , 0.91094970703125 , -0.3364410400390625 
-0.2107696533203125 , 0.910614013671875 , -0.3394012451171875 
-0.21002197265625 , 0.9107666015625 , -0.3379974365234375 
-0.21160888671875 , 0.905731201171875 , -0.3358917236328125 
-0.2108306884765625 , 0.907073974609375 , -0.3289642333984375 
-0.210845947265625 , 0.911651611328125 , -0.326812744140625 
-0.2173004150390625 , 0.91363525390625 , -0.3306884765625 
-0.224853515625 , 0.9140625 , -0.333343505859375 
-0.2244415283203125 , 0.91015625 , -0.328277587890625 
-0.2226409912109375 , 0.9065399169921875 , -0.330169677734375 
-0.216522216796875 , 0.9112396240234375 , -0.330108642578125 
-0.2151947021484375 , 0.9128265380859375 , -0.3351898193359375 
-0.2157135009765625 , 0.910736083984375 , -0.3344268798828125 
-0.211669921875 , 0.91241455078125 , -0.329864501953125 
-0.2116241455078125 , 0.9107513427734375 , -0.3313140869140625 
-0.212890625 , 0.910430908203125 , -0.3322906494140625 
-0.21722412109375 , 0.911651611328125 , -0.3298492431640625 
-0.21710205078125 , 0.912261962890625 , -0.3292083740234375 
-0.2155914306640625 , 0.91790771484375 , -0.3270416259765625 
-0.2181854248046875 , 0.9160308837890625 , -0.328369140625 
-0.2188568115234375 , 0.916473388671875 , -0.3313751220703125 
-0.2205657958984375 , 0.9197998046875 , -0.3338470458984375 
-0.22088623046875 , 0.922088623046875 , -0.33111572265625 
-0.2177276611328125 , 0.9210052490234375 , -0.3299713134765625 
-0.21368408203125 , 0.9200286865234375 , -0.333343505859375 
-0.2151947021484375 , 0.9173736572265625 , -0.3351593017578125 
-0.2129364013671875 , 0.910736083984375 , -0.3359527587890625 
-0.207977294921875 , 0.911407470703125 , -0.3365631103515625 
-0.2071685791015625 , 0.9164886474609375 , -0.3334808349609375 
-0.211944580078125 , 0.9152069091796875 , -0.33795166015625 
-0.2160797119140625 , 0.9213104248046875 , -0.338653564453125 
-0.2178802490234375 , 0.9222412109375 , -0.3382415771484375 
-0.2190093994140625 , 0.922821044921875 , -0.3379974365234375 
-0.21636962890625 , 0.9233551025390625 , -0.337890625 
-0.2132720947265625 , 0.92095947265625 , -0.339508056640625 
-0.2100677490234375 , 0.9215087890625 , -0.338470458984375 
-0.20770263671875 , 0.918914794921875 , -0.3426361083984375 
-0.2091522216796875 , 0.9222564697265625 , -0.34423828125 
-0.2128143310546875 , 0.9236297607421875 , -0.3446197509765625 
-0.2168731689453125 , 0.925018310546875 , -0.34344482421875 
-0.21697998046875 , 0.9263153076171875 , -0.3415374755859375 
-0.215057373046875 , 0.9244384765625 , -0.3384857177734375 
-0.2110595703125 , 0.920562744140625 , -0.334716796875 
-0.2056427001953125 , 0.924591064453125 , -0.3322906494140625 
-0.2088165283203125 , 0.9268341064453125 , -0.32769775390625 
-0.2107696533203125 , 0.92401123046875 , -0.3356781005859375 
-0.2111358642578125 , 0.9246826171875 , -0.337249755859375 
-0.2061004638671875 , 0.9264678955078125 , -0.343414306640625 
-0.2105712890625 , 0.9302520751953125 , -0.349090576171875 
-0.2133331298828125 , 0.9289398193359375 , -0.345062255859375 
-0.211090087890625 , 0.92486572265625 , -0.34576416015625 
-0.2053680419921875 , 0.9375762939453125 , -0.3400421142578125 
-0.20330810546875 , 0.942962646484375 , -0.3484344482421875 
-0.2021026611328125 , 0.94000244140625 , -0.3480377197265625 
-0.2014007568359375 , 0.935089111328125 , -0.3510894775390625 
-0.1999664306640625 , 0.9268951416015625 , -0.3526458740234375 
-0.1998443603515625 , 0.9301910400390625 , -0.3551025390625 
-0.2052764892578125 , 0.9272003173828125 , -0.3798675537109375 
-0.2037353515625 , 0.93084716796875 , -0.387847900390625 
-0.2017364501953125 , 0.9359893798828125 , -0.401885986328125 
-0.204833984375 , 0.9425201416015625 , -0.404876708984375 
-0.2044219970703125 , 0.9391632080078125 , -0.4065704345703125 
-0.2015533447265625 , 0.941986083984375 , -0.4068756103515625 
-0.204833984375 , 0.9624481201171875 , -0.419647216796875 
-0.202972412109375 , 0.9252471923828125 , -0.4265289306640625 
-0.206756591796875 , 0.882568359375 , -0.4369354248046875 
-0.2121734619140625 , 0.853668212890625 , -0.45416259765625 
-0.2209625244140625 , 0.8271636962890625 , -0.4644775390625 
-0.2253570556640625 , 0.7886505126953125 , -0.4739227294921875 
-0.21697998046875 , 0.777435302734375 , -0.4894561767578125 
-0.2122039794921875 , 0.7779541015625 , -0.514801025390625 
-0.218719482421875 , 0.7927398681640625 , -0.5281982421875 
-0.218597412109375 , 0.8168182373046875 , -0.5478363037109375 
-0.2125244140625 , 0.7910614013671875 , -0.53668212890625 
-0.2022705078125 , 0.7634429931640625 , -0.53924560546875 
-0.1975250244140625 , 0.735382080078125 , -0.5657958984375 
-0.202301025390625 , 0.7221221923828125 , -0.583740234375 
-0.2100982666015625 , 0.6999969482421875 , -0.6004791259765625 
-0.2112579345703125 , 0.676055908203125 , -0.6100921630859375 
-0.2123260498046875 , 0.67816162109375 , -0.6148223876953125 
-0.2104034423828125 , 0.6883697509765625 , -0.6193084716796875 
-0.2172393798828125 , 0.6830596923828125 , -0.6255340576171875 
-0.22265625 , 0.684722900390625 , -0.6196746826171875 
-0.22021484375 , 0.689056396484375 , -0.6167755126953125 
-0.2226409912109375 , 0.7032928466796875 , -0.6259307861328125 
-0.2317962646484375 , 0.7208709716796875 , -0.6296234130859375 
-0.236328125 , 0.7180023193359375 , -0.638763427734375 
-0.242645263671875 , 0.7235107421875 , -0.6468658447265625 
-0.24200439453125 , 0.7342376708984375 , -0.6466522216796875 
-0.2420501708984375 , 0.731597900390625 , -0.6453399658203125 
-0.238372802734375 , 0.722747802734375 , -0.64410400390625 
-0.23468017578125 , 0.7227630615234375 , -0.6400604248046875 
-0.232574462890625 , 0.72320556640625 , -0.6406097412109375 
-0.22833251953125 , 0.723785400390625 , -0.6451263427734375 
-0.223663330078125 , 0.7239227294921875 , -0.6483001708984375 
-0.2253570556640625 , 0.73345947265625 , -0.6453857421875 
-0.2186279296875 , 0.74151611328125 , -0.642303466796875 
-0.2162933349609375 , 0.74407958984375 , -0.65460205078125 
-0.2240142822265625 , 0.7466278076171875 , -0.6581268310546875 
-0.23175048828125 , 0.7538604736328125 , -0.6524200439453125 
-0.2355804443359375 , 0.7532196044921875 , -0.6497039794921875 
-0.235107421875 , 0.7493743896484375 , -0.643707275390625 
-0.22625732421875 , 0.7491302490234375 , -0.641082763671875 
-0.21539306640625 , 0.7481842041015625 , -0.6418609619140625 
-0.2137603759765625 , 0.751190185546875 , -0.6461029052734375 
-0.2183990478515625 , 0.7523651123046875 , -0.648101806640625 
-0.21826171875 , 0.747406005859375 , -0.64947509765625 
-0.2197113037109375 , 0.7464599609375 , -0.64959716796875 
-0.222808837890625 , 0.7463531494140625 , -0.6417388916015625 
-0.2243804931640625 , 0.7407073974609375 , -0.637420654296875 
-0.218353271484375 , 0.7408905029296875 , -0.638885498046875 
-0.219146728515625 , 0.742218017578125 , -0.633087158203125 
-0.2188720703125 , 0.7410125732421875 , -0.6373748779296875 
-0.2206268310546875 , 0.7301025390625 , -0.626953125 
-0.2208709716796875 , 0.720733642578125 , -0.626800537109375 
-0.222198486328125 , 0.72052001953125 , -0.6231231689453125 
-0.2238616943359375 , 0.737640380859375 , -0.6138763427734375 
-0.22216796875 , 0.7351226806640625 , -0.598846435546875 
-0.2204742431640625 , 0.7210693359375 , -0.5870208740234375 
-0.214111328125 , 0.7141571044921875 , -0.571929931640625 
-0.2006683349609375 , 0.72021484375 , -0.5615692138671875 
-0.194244384765625 , 0.7367706298828125 , -0.552215576171875 
-0.1972198486328125 , 0.7458038330078125 , -0.544189453125 
-0.192108154296875 , 0.7508087158203125 , -0.5339508056640625 
-0.186004638671875 , 0.749053955078125 , -0.5181884765625 
-0.2021484375 , 0.7791900634765625 , -0.4848480224609375 
-0.1989593505859375 , 0.818328857421875 , -0.4423828125 
-0.185821533203125 , 0.86126708984375 , -0.4012603759765625 
-0.1878662109375 , 0.893402099609375 , -0.3724212646484375 
-0.1995391845703125 , 0.9156951904296875 , -0.3693695068359375 
-0.2198333740234375 , 0.9258270263671875 , -0.39031982421875 
-0.230987548828125 , 0.9191131591796875 , -0.393463134765625 
-0.2298583984375 , 0.90380859375 , -0.375152587890625 
-0.2257843017578125 , 0.8857269287109375 , -0.3556976318359375 
-0.218048095703125 , 0.89483642578125 , -0.3316192626953125 
-0.2202606201171875 , 0.9227447509765625 , -0.3184814453125 
-0.2331085205078125 , 0.9416046142578125 , -0.3175506591796875 
-0.2330780029296875 , 0.94378662109375 , -0.3041229248046875 
-0.2191162109375 , 0.9419403076171875 , -0.30908203125 
-0.2186279296875 , 0.938232421875 , -0.296722412109375 
-0.22674560546875 , 0.944061279296875 , -0.2864227294921875 
-0.2355194091796875 , 0.9351806640625 , -0.2743072509765625 
-0.2299041748046875 , 0.9369049072265625 , -0.283416748046875 
-0.2196197509765625 , 0.9380035400390625 , -0.296966552734375 
-0.219970703125 , 0.9324493408203125 , -0.299530029296875 
-0.21600341796875 , 0.927703857421875 , -0.30242919921875 
-0.20654296875 , 0.9270477294921875 , -0.3048248291015625 
-0.199554443359375 , 0.9352569580078125 , -0.30615234375 
-0.207305908203125 , 0.9419097900390625 , -0.3096771240234375 
-0.216033935546875 , 0.9395904541015625 , -0.3037567138671875 
-0.212310791015625 , 0.9412384033203125 , -0.29656982421875 
-0.2093963623046875 , 0.9517669677734375 , -0.2966461181640625 
-0.21771240234375 , 0.9525604248046875 , -0.2975616455078125 
-0.21875 , 0.9547271728515625 , -0.299652099609375 
-0.2135162353515625 , 0.953094482421875 , -0.3021392822265625 
-0.2093505859375 , 0.9430694580078125 , -0.3109893798828125 
-0.2087860107421875 , 0.942169189453125 , -0.3083648681640625 
-0.2130584716796875 , 0.9502410888671875 , -0.3069915771484375 
-0.219757080078125 , 0.9590911865234375 , -0.3029327392578125 
-0.2201995849609375 , 0.9582672119140625 , -0.3037872314453125 
-0.2233428955078125 , 0.9615325927734375 , -0.300079345703125 
-0.221893310546875 , 0.9681243896484375 , -0.3023223876953125 
-0.226165771484375 , 0.965850830078125 , -0.304443359375 
-0.2308197021484375 , 0.949249267578125 , -0.3020477294921875 
-0.225738525390625 , 0.9439849853515625 , -0.3056793212890625 
-0.222747802734375 , 0.94403076171875 , -0.30731201171875 
-0.22845458984375 , 0.936279296875 , -0.3054962158203125 
-0.22857666015625 , 0.929473876953125 , -0.3014373779296875 
-0.2255096435546875 , 0.9314117431640625 , -0.3027496337890625 
-0.221954345703125 , 0.93597412109375 , -0.302337646484375 
-0.2232666015625 , 0.933746337890625 , -0.3065643310546875 
-0.2281341552734375 , 0.9275360107421875 , -0.310546875 
-0.2266998291015625 , 0.9290618896484375 , -0.315643310546875 
-0.224609375 , 0.923095703125 , -0.3123626708984375 
-0.2259521484375 , 0.923248291015625 , -0.3135528564453125 
-0.2288665771484375 , 0.933197021484375 , -0.316375732421875 
-0.2285919189453125 , 0.934783935546875 , -0.3066864013671875 
-0.228546142578125 , 0.921051025390625 , -0.2992401123046875 
-0.2275543212890625 , 0.9133148193359375 , -0.29583740234375 
-0.229095458984375 , 0.9148406982421875 , -0.2928466796875 
-0.22760009765625 , 0.9207305908203125 , -0.29522705078125 
-0.22564697265625 , 0.9255218505859375 , -0.2991790771484375 
-0.227325439453125 , 0.9265899658203125 , -0.3029632568359375 
-0.230621337890625 , 0.9331817626953125 , -0.3035125732421875 
-0.230499267578125 , 0.9397125244140625 , -0.304290771484375 
-0.230804443359375 , 0.932281494140625 , -0.3032073974609375 
-0.228363037109375 , 0.918243408203125 , -0.3006439208984375 
-0.2259521484375 , 0.9113922119140625 , -0.3002471923828125 
-0.223236083984375 , 0.9189300537109375 , -0.3003997802734375 
-0.223663330078125 , 0.921875 , -0.29559326171875 
-0.2239837646484375 , 0.9233551025390625 , -0.2969818115234375 
-0.22174072265625 , 0.922698974609375 , -0.299713134765625 
-0.2241363525390625 , 0.924041748046875 , -0.2994384765625 
-0.2274627685546875 , 0.9304351806640625 , -0.2971954345703125 
-0.229705810546875 , 0.9294891357421875 , -0.2938690185546875 
-0.224853515625 , 0.921295166015625 , -0.296722412109375 
-0.21923828125 , 0.9192047119140625 , -0.3006744384765625 
-0.2195587158203125 , 0.9185028076171875 , -0.305511474609375 
-0.2213897705078125 , 0.9182586669921875 , -0.3050689697265625 
-0.2229766845703125 , 0.9143829345703125 , -0.3070831298828125 
-0.2239837646484375 , 0.91656494140625 , -0.3021697998046875 
-0.224639892578125 , 0.9117279052734375 , -0.2998199462890625 
-0.2284698486328125 , 0.913055419921875 , -0.2995147705078125 
-0.2283782958984375 , 0.919189453125 , -0.295745849609375 
-0.2205047607421875 , 0.9213104248046875 , -0.2998504638671875 
-0.2153778076171875 , 0.920654296875 , -0.3057403564453125 
-0.21319580078125 , 0.919952392578125 , -0.3090972900390625 
-0.2147979736328125 , 0.9237060546875 , -0.3129119873046875 
-0.2197723388671875 , 0.921722412109375 , -0.310546875 
-0.2215118408203125 , 0.9209136962890625 , -0.30975341796875 
-0.2236175537109375 , 0.918975830078125 , -0.3075714111328125 
-0.225738525390625 , 0.9200439453125 , -0.3069915771484375 
-0.2226104736328125 , 0.9239654541015625 , -0.3067626953125 
-0.2230224609375 , 0.924102783203125 , -0.3050537109375 
-0.22723388671875 , 0.9225921630859375 , -0.3057861328125 
-0.2255706787109375 , 0.920501708984375 , -0.3040924072265625 
-0.22198486328125 , 0.916015625 , -0.30682373046875 
-0.2165069580078125 , 0.9179840087890625 , -0.3137664794921875 
-0.2185821533203125 , 0.9138031005859375 , -0.3134307861328125 
-0.2173614501953125 , 0.91265869140625 , -0.312530517578125 
-0.2142333984375 , 0.915771484375 , -0.3121337890625 
-0.2169647216796875 , 0.92071533203125 , -0.3126220703125 
-0.2223968505859375 , 0.9211578369140625 , -0.311309814453125 
-0.2229461669921875 , 0.9193267822265625 , -0.3070220947265625 
-0.222320556640625 , 0.92889404296875 , -0.3086700439453125 
-0.2241973876953125 , 0.9317474365234375 , -0.3130340576171875 
-0.2279510498046875 , 0.9286956787109375 , -0.3130340576171875 
-0.2251129150390625 , 0.93243408203125 , -0.3154754638671875 
-0.22216796875 , 0.93084716796875 , -0.31475830078125 
-0.2176971435546875 , 0.9282684326171875 , -0.311370849609375 
-0.2112274169921875 , 0.930328369140625 , -0.3108367919921875 
-0.209808349609375 , 0.9370574951171875 , -0.313140869140625 
-0.2163848876953125 , 0.93743896484375 , -0.314178466796875 
-0.2156219482421875 , 0.93963623046875 , -0.3089599609375 
-0.2077484130859375 , 0.9445343017578125 , -0.3068389892578125 
-0.20196533203125 , 0.94915771484375 , -0.3084716796875 
-0.2053680419921875 , 0.953948974609375 , -0.31121826171875 
-0.2023162841796875 , 0.9531707763671875 , -0.314910888671875 
-0.1928253173828125 , 0.953948974609375 , -0.3141937255859375 
-0.1985321044921875 , 0.9890594482421875 , -0.3100128173828125 
-0.206298828125 , 0.9997100830078125 , -0.32867431640625 
-0.20513916015625 , 0.98699951171875 , -0.3471527099609375 
-0.2001953125 , 0.9843292236328125 , -0.3583984375 
-0.1911163330078125 , 0.9717254638671875 , -0.368865966796875 
-0.1885223388671875 , 0.9560394287109375 , -0.3789520263671875 
-0.1954193115234375 , 0.9404449462890625 , -0.397003173828125 
-0.176055908203125 , 0.92254638671875 , -0.4243927001953125 
-0.1848907470703125 , 0.98199462890625 , -0.4442138671875 
-0.2013092041015625 , 0.974609375 , -0.4566650390625 
-0.2019805908203125 , 0.9240264892578125 , -0.4896697998046875 
-0.20501708984375 , 0.89837646484375 , -0.52691650390625 
-0.2007904052734375 , 0.852691650390625 , -0.552398681640625 
-0.1851348876953125 , 0.816497802734375 , -0.58685302734375 
-0.1869354248046875 , 0.7949676513671875 , -0.61541748046875 
-0.2077484130859375 , 0.7733154296875 , -0.63128662109375 
-0.17218017578125 , 0.7060394287109375 , -0.642547607421875 
-0.177520751953125 , 0.6767120361328125 , -0.67333984375 
-0.182861328125 , 0.6460418701171875 , -0.6971435546875 
-0.2104339599609375 , 0.6109619140625 , -0.730316162109375 
-0.1909332275390625 , 0.5010833740234375 , -0.756378173828125 
-0.191497802734375 , 0.3983154296875 , -0.7953338623046875 
-0.209686279296875 , 0.33489990234375 , -0.8221588134765625 
-0.2155914306640625 , 0.264129638671875 , -0.8426971435546875 
-0.22320556640625 , 0.1925506591796875 , -0.8665618896484375 
-0.257476806640625 , 0.1571197509765625 , -0.8768768310546875 
-0.26629638671875 , 0.12481689453125 , -0.825531005859375 
-0.3237762451171875 , 0.080230712890625 , -0.8154754638671875 
-0.306671142578125 , 0.0542449951171875 , -0.8029327392578125 
-0.3433685302734375 , 0.05780029296875 , -0.8216705322265625 
-0.34765625 , -0.0377349853515625 , -0.88427734375 
-0.35791015625 , -0.08599853515625 , -0.9356536865234375 
-0.3521728515625 , -0.1236724853515625 , -0.9658966064453125 
-0.3498992919921875 , -0.118316650390625 , -0.9660797119140625 
-0.357025146484375 , -0.1137847900390625 , -0.9635467529296875 
-0.3514251708984375 , -0.11016845703125 , -0.9703826904296875 
-0.3571624755859375 , -0.0749664306640625 , -0.9651336669921875 
-0.373992919921875 , -0.0789337158203125 , -0.9547576904296875 
-0.3741607666015625 , -0.0875396728515625 , -0.91058349609375 
-0.3701629638671875 , -0.13067626953125 , -0.894775390625 
-0.387969970703125 , -0.1768035888671875 , -0.898223876953125 
-0.402313232421875 , -0.1641693115234375 , -0.890594482421875 
-0.3990020751953125 , -0.126434326171875 , -0.90374755859375 
-0.3969879150390625 , -0.1063385009765625 , -0.9247589111328125 
-0.4174346923828125 , -0.0931549072265625 , -0.934539794921875 
-0.4189910888671875 , -0.092193603515625 , -0.9345550537109375 
-0.408782958984375 , -0.0920257568359375 , -0.9305572509765625 
-0.4029693603515625 , -0.113555908203125 , -0.93243408203125 
-0.3893585205078125 , -0.1486358642578125 , -0.9200439453125 
-0.3751068115234375 , -0.140533447265625 , -0.904296875 
-0.359283447265625 , -0.1360015869140625 , -0.89483642578125 
-0.3542633056640625 , -0.1364288330078125 , -0.8974609375 
-0.3673095703125 , -0.128387451171875 , -0.909454345703125 
-0.37078857421875 , -0.120086669921875 , -0.915374755859375 
-0.374542236328125 , -0.1205291748046875 , -0.919189453125 
-0.3672027587890625 , -0.1184539794921875 , -0.91998291015625 
-0.3616943359375 , -0.1190643310546875 , -0.9146881103515625 
-0.36358642578125 , -0.1311187744140625 , -0.90985107421875 
-0.353363037109375 , -0.1335906982421875 , -0.9139862060546875 
-0.35760498046875 , -0.125762939453125 , -0.9157562255859375 
-0.361358642578125 , -0.1160430908203125 , -0.9112091064453125 
-0.3517608642578125 , -0.110626220703125 , -0.916534423828125 
-0.352996826171875 , -0.103179931640625 , -0.924346923828125 
-0.3646240234375 , -0.09588623046875 , -0.935455322265625 
-0.3590240478515625 , -0.0957183837890625 , -0.942047119140625 
-0.3616180419921875 , -0.0994415283203125 , -0.945831298828125 
-0.3700103759765625 , -0.1082611083984375 , -0.945709228515625 
-0.3642425537109375 , -0.099029541015625 , -0.938934326171875 
-0.362548828125 , -0.0875396728515625 , -0.9309234619140625 
-0.3564453125 , -0.0955963134765625 , -0.9342498779296875 
-0.3494110107421875 , -0.0938262939453125 , -0.9425201416015625 
-0.351043701171875 , -0.0958099365234375 , -0.9446258544921875 
-0.36041259765625 , -0.1017913818359375 , -0.94830322265625 
-0.36016845703125 , -0.10992431640625 , -0.9485931396484375 
-0.3606109619140625 , -0.102203369140625 , -0.9417877197265625 
-0.364166259765625 , -0.087127685546875 , -0.9361724853515625 
-0.3564910888671875 , -0.0881805419921875 , -0.933990478515625 
-0.33984375 , -0.084503173828125 , -0.9393463134765625 
-0.353546142578125 , -0.0829620361328125 , -0.944854736328125 
-0.3640899658203125 , -0.087310791015625 , -0.9434814453125 
-0.3581695556640625 , -0.091644287109375 , -0.9426727294921875 
-0.360870361328125 , -0.1092376708984375 , -0.9402313232421875 
-0.3699493408203125 , -0.129364013671875 , -0.9359283447265625 
-0.368682861328125 , -0.114288330078125 , -0.9386138916015625 
-0.37310791015625 , -0.0953521728515625 , -0.9347686767578125 
-0.373870849609375 , -0.0869598388671875 , -0.929656982421875 
-0.3594207763671875 , -0.0699462890625 , -0.92144775390625 
-0.352569580078125 , -0.0511016845703125 , -0.91314697265625 
-0.358795166015625 , -0.043731689453125 , -0.9140625 
-0.36749267578125 , -0.0282440185546875 , -0.9158782958984375 
-0.3694915771484375 , -0.0050506591796875 , -0.9018707275390625 
-0.3685455322265625 , 0.0245361328125 , -0.889556884765625 
-0.3709564208984375 , 0.05462646484375 , -0.8656005859375 
-0.371551513671875 , 0.0944671630859375 , -0.8452301025390625 
-0.361907958984375 , 0.1649169921875 , -0.8219451904296875 
-0.3470611572265625 , 0.2537841796875 , -0.811279296875 
-0.3228759765625 , 0.3599700927734375 , -0.79913330078125 
-0.2950439453125 , 0.4346160888671875 , -0.7969818115234375 
-0.2940521240234375 , 0.4443511962890625 , -0.8038330078125 
-0.296112060546875 , 0.45513916015625 , -0.8045806884765625 
-0.2969818115234375 , 0.4900970458984375 , -0.80316162109375 
-0.3072052001953125 , 0.51788330078125 , -0.7733612060546875 
-0.29486083984375 , 0.544403076171875 , -0.73126220703125 
-0.2877960205078125 , 0.5609130859375 , -0.6955413818359375 
-0.28765869140625 , 0.5869598388671875 , -0.6588287353515625 
-0.2696685791015625 , 0.648895263671875 , -0.6214599609375 
-0.244293212890625 , 0.715850830078125 , -0.6037445068359375 
-0.2333831787109375 , 0.774505615234375 , -0.584442138671875 
-0.241058349609375 , 0.8274383544921875 , -0.5771942138671875 
-0.2488861083984375 , 0.850006103515625 , -0.5673065185546875 
-0.2561798095703125 , 0.8689727783203125 , -0.5548248291015625 
-0.268157958984375 , 0.8567352294921875 , -0.51397705078125 
-0.2577056884765625 , 0.7984619140625 , -0.4633026123046875 
-0.2302703857421875 , 0.79376220703125 , -0.419036865234375 
-0.2072906494140625 , 0.8288726806640625 , -0.3785552978515625 
-0.20465087890625 , 0.908905029296875 , -0.373992919921875 
-0.188201904296875 , 0.9368896484375 , -0.3694915771484375 
-0.1708221435546875 , 0.9175872802734375 , -0.3762054443359375 
-0.174774169921875 , 0.8812103271484375 , -0.378662109375 
-0.19171142578125 , 0.8738861083984375 , -0.3549957275390625 
-0.205841064453125 , 0.8634490966796875 , -0.3196563720703125 
-0.2212677001953125 , 0.89898681640625 , -0.2879638671875 
-0.222747802734375 , 0.9352264404296875 , -0.2628631591796875 
-0.2167510986328125 , 0.939208984375 , -0.2367095947265625 
-0.2198028564453125 , 0.9540557861328125 , -0.2394561767578125 
-0.2162017822265625 , 0.9810028076171875 , -0.2493743896484375 
-0.21405029296875 , 0.99664306640625 , -0.2532501220703125 
-0.21331787109375 , 1.0116729736328125 , -0.2450408935546875 
-0.2171173095703125 , 1.0214691162109375 , -0.2449798583984375 
-0.226898193359375 , 1.033447265625 , -0.243804931640625 
-0.2355804443359375 , 1.03753662109375 , -0.238067626953125 
-0.236907958984375 , 1.0270538330078125 , -0.2338104248046875 
-0.2343597412109375 , 1.0170745849609375 , -0.21728515625 
-0.237335205078125 , 1.0137786865234375 , -0.2034912109375 
-0.234344482421875 , 1.0078887939453125 , -0.203887939453125 
-0.2304840087890625 , 1.0011749267578125 , -0.2061614990234375 
-0.23065185546875 , 0.9949188232421875 , -0.215667724609375 
-0.229766845703125 , 0.996429443359375 , -0.223175048828125 
-0.2279510498046875 , 0.9954681396484375 , -0.2333831787109375 
-0.226165771484375 , 0.9969482421875 , -0.231903076171875 
-0.2288055419921875 , 1.00079345703125 , -0.2315826416015625 
-0.241851806640625 , 1.0083465576171875 , -0.228363037109375 
-0.248809814453125 , 1.0016326904296875 , -0.22308349609375 
-0.23956298828125 , 0.9886322021484375 , -0.216033935546875 
-0.234527587890625 , 0.9701385498046875 , -0.2282257080078125 
-0.2405853271484375 , 0.951141357421875 , -0.247344970703125 
-0.2434234619140625 , 0.934661865234375 , -0.2620086669921875 
-0.237701416015625 , 0.9216461181640625 , -0.2685546875 
-0.23065185546875 , 0.9058685302734375 , -0.267974853515625 
-0.2264404296875 , 0.8927764892578125 , -0.2662200927734375 
-0.2274627685546875 , 0.89739990234375 , -0.2689056396484375 
-0.2281951904296875 , 0.916534423828125 , -0.266632080078125 
-0.2323150634765625 , 0.9340362548828125 , -0.2703094482421875 
-0.2407989501953125 , 0.9355621337890625 , -0.2727813720703125 
-0.2405853271484375 , 0.9416656494140625 , -0.2722015380859375 
-0.2360076904296875 , 0.9343414306640625 , -0.281951904296875 
-0.2415008544921875 , 0.9346923828125 , -0.2919158935546875 
-0.2478790283203125 , 0.9375457763671875 , -0.293487548828125 
-0.2455291748046875 , 0.9256591796875 , -0.291015625 
-0.237152099609375 , 0.9124603271484375 , -0.2892913818359375 
-0.2382659912109375 , 0.89556884765625 , -0.2901611328125 
-0.247283935546875 , 0.89111328125 , -0.29034423828125 
-0.2483673095703125 , 0.910247802734375 , -0.2886199951171875 
-0.2394256591796875 , 0.9185333251953125 , -0.290313720703125 
-0.2398834228515625 , 0.91375732421875 , -0.2980804443359375 
-0.2465667724609375 , 0.9107208251953125 , -0.2948760986328125 
-0.2446136474609375 , 0.92724609375 , -0.3009796142578125 
-0.2354583740234375 , 0.937957763671875 , -0.311309814453125 
-0.2364349365234375 , 0.9282684326171875 , -0.3152008056640625 
-0.247467041015625 , 0.9234619140625 , -0.3059539794921875 
-0.2435760498046875 , 0.923797607421875 , -0.3052520751953125 
-0.2371063232421875 , 0.927276611328125 , -0.307525634765625 
-0.23638916015625 , 0.9186859130859375 , -0.3143768310546875 
-0.2412261962890625 , 0.8967742919921875 , -0.3148193359375 
-0.2398223876953125 , 0.88995361328125 , -0.316986083984375 
-0.233123779296875 , 0.8969573974609375 , -0.31622314453125 
-0.230316162109375 , 0.9008636474609375 , -0.3225860595703125 
-0.2334442138671875 , 0.9007720947265625 , -0.328582763671875 
-0.237701416015625 , 0.902679443359375 , -0.3243255615234375 
-0.2329864501953125 , 0.9088287353515625 , -0.31829833984375 
-0.2294464111328125 , 0.9154052734375 , -0.3246917724609375 
-0.2317962646484375 , 0.91552734375 , -0.332183837890625 
-0.234710693359375 , 0.90814208984375 , -0.3320159912109375 
-0.236541748046875 , 0.908660888671875 , -0.3284912109375 
-0.232086181640625 , 0.90802001953125 , -0.32806396484375 
-0.2322998046875 , 0.91497802734375 , -0.32611083984375 
-0.232208251953125 , 0.91357421875 , -0.32244873046875 
-0.2333831787109375 , 0.9073638916015625 , -0.325836181640625 
-0.234710693359375 , 0.9096832275390625 , -0.3242340087890625 
-0.2332763671875 , 0.9202423095703125 , -0.3177032470703125 
-0.2317962646484375 , 0.9286651611328125 , -0.319580078125 
-0.2366943359375 , 0.9262237548828125 , -0.3211517333984375 
-0.2417755126953125 , 0.920806884765625 , -0.3188018798828125 
-0.2406005859375 , 0.917449951171875 , -0.3197479248046875 
-0.237030029296875 , 0.9196014404296875 , -0.3230133056640625 
-0.2363433837890625 , 0.91851806640625 , -0.3256072998046875 
-0.237060546875 , 0.914459228515625 , -0.3229217529296875 
-0.2354736328125 , 0.909149169921875 , -0.3222808837890625 
-0.2335205078125 , 0.9146575927734375 , -0.3277130126953125 
-0.2379302978515625 , 0.9168548583984375 , -0.324737548828125 
-0.239349365234375 , 0.916259765625 , -0.3173828125 
-0.2383575439453125 , 0.9107666015625 , -0.3140716552734375 
-0.2267913818359375 , 0.913360595703125 , -0.31707763671875 
-0.2242889404296875 , 0.9157257080078125 , -0.321929931640625 
-0.23431396484375 , 0.9127960205078125 , -0.3246917724609375 
-0.23565673828125 , 0.915008544921875 , -0.329803466796875 
-0.22930908203125 , 0.9112701416015625 , -0.3302001953125 
-0.231597900390625 , 0.9095916748046875 , -0.3303680419921875 
-0.2384490966796875 , 0.9051971435546875 , -0.322906494140625 
-0.237762451171875 , 0.903961181640625 , -0.3209991455078125 
-0.232086181640625 , 0.908355712890625 , -0.3237457275390625 
-0.2346649169921875 , 0.9097137451171875 , -0.322998046875 
-0.2357177734375 , 0.914794921875 , -0.32366943359375 
-0.2326202392578125 , 0.91925048828125 , -0.3255462646484375 
-0.23138427734375 , 0.917449951171875 , -0.3219146728515625 
-0.2327728271484375 , 0.915771484375 , -0.3237457275390625 
-0.23583984375 , 0.9147796630859375 , -0.322418212890625 
-0.2346038818359375 , 0.9170684814453125 , -0.3240966796875 
-0.236083984375 , 0.919097900390625 , -0.3239288330078125 
-0.2391357421875 , 0.91485595703125 , -0.32281494140625 
-0.2385101318359375 , 0.9138641357421875 , -0.319427490234375 
-0.234100341796875 , 0.9153594970703125 , -0.3229827880859375 
-0.2358245849609375 , 0.9149017333984375 , -0.3268280029296875 
-0.235748291015625 , 0.91534423828125 , -0.327056884765625 
-0.23577880859375 , 0.91400146484375 , -0.3250885009765625 
-0.2353973388671875 , 0.9171905517578125 , -0.322174072265625 
-0.2397918701171875 , 0.91546630859375 , -0.3232574462890625 
-0.239410400390625 , 0.91754150390625 , -0.3219451904296875 
-0.2353057861328125 , 0.9209747314453125 , -0.3205718994140625 
-0.232635498046875 , 0.9189605712890625 , -0.320648193359375 
-0.2355499267578125 , 0.917449951171875 , -0.3235321044921875 
-0.23388671875 , 0.919219970703125 , -0.3245086669921875 
-0.226318359375 , 0.920013427734375 , -0.319427490234375 
-0.2310028076171875 , 0.9185638427734375 , -0.3199615478515625 
-0.23345947265625 , 0.91546630859375 , -0.3229827880859375 
-0.23260498046875 , 0.91253662109375 , -0.32196044921875 
-0.22906494140625 , 0.9097900390625 , -0.325103759765625 
-0.2255096435546875 , 0.916412353515625 , -0.326995849609375 
-0.223724365234375 , 0.9178314208984375 , -0.3249664306640625 
-0.2275543212890625 , 0.9163055419921875 , -0.324493408203125 
-0.2280120849609375 , 0.9165802001953125 , -0.3195343017578125 
-0.23223876953125 , 0.917236328125 , -0.3173828125 
-0.2313079833984375 , 0.9182281494140625 , -0.3147430419921875 
-0.232696533203125 , 0.916656494140625 , -0.31787109375 
-0.2332763671875 , 0.9119873046875 , -0.319732666015625 
-0.2286529541015625 , 0.908782958984375 , -0.3211822509765625 
-0.2257232666015625 , 0.9105224609375 , -0.321380615234375 
-0.2223663330078125 , 0.917694091796875 , -0.316375732421875 
-0.22406005859375 , 0.919403076171875 , -0.3185272216796875 
-0.2277069091796875 , 0.916259765625 , -0.316986083984375 
-0.2350006103515625 , 0.91412353515625 , -0.3155059814453125 
-0.2361297607421875 , 0.91986083984375 , -0.315887451171875 
-0.23590087890625 , 0.9208526611328125 , -0.3170166015625 
-0.233856201171875 , 0.9201507568359375 , -0.316314697265625 
-0.234588623046875 , 0.9190216064453125 , -0.31744384765625 
-0.230804443359375 , 0.91375732421875 , -0.317718505859375 
-0.2272491455078125 , 0.9093017578125 , -0.3164520263671875 
-0.223480224609375 , 0.9076690673828125 , -0.3202972412109375 
-0.223114013671875 , 0.9132232666015625 , -0.3293914794921875 
-0.22509765625 , 0.915374755859375 , -0.3251190185546875 
-0.228485107421875 , 0.91143798828125 , -0.3256378173828125 
-0.231658935546875 , 0.9137115478515625 , -0.32708740234375 
-0.2321014404296875 , 0.9188690185546875 , -0.3238677978515625 
-0.234954833984375 , 0.92083740234375 , -0.3178558349609375 
-0.23248291015625 , 0.918487548828125 , -0.319183349609375 
-0.2276763916015625 , 0.9130859375 , -0.320159912109375 
-0.2284698486328125 , 0.9126434326171875 , -0.3213958740234375 
-0.228240966796875 , 0.91424560546875 , -0.315460205078125 
-0.226898193359375 , 0.9118804931640625 , -0.31451416015625 
-0.226715087890625 , 0.912017822265625 , -0.3138275146484375 
-0.228515625 , 0.9157562255859375 , -0.316741943359375 
-0.22906494140625 , 0.919036865234375 , -0.3199005126953125 
-0.2284088134765625 , 0.9216766357421875 , -0.3206787109375 
-0.22930908203125 , 0.9202117919921875 , -0.3170928955078125 
-0.231231689453125 , 0.9167022705078125 , -0.318817138671875 
-0.2310638427734375 , 0.915679931640625 , -0.3188018798828125 
-0.22625732421875 , 0.917816162109375 , -0.3197174072265625 
-0.226043701171875 , 0.9187164306640625 , -0.3172149658203125 
-0.2263336181640625 , 0.9158172607421875 , -0.315704345703125 
-0.2234954833984375 , 0.9162139892578125 , -0.3178253173828125 
-0.224365234375 , 0.9143524169921875 , -0.31829833984375 
-0.228668212890625 , 0.9135284423828125 , -0.320098876953125 
-0.2294158935546875 , 0.9152984619140625 , -0.3204498291015625 
-0.2285308837890625 , 0.9200439453125 , -0.314056396484375 
-0.2346649169921875 , 0.9209136962890625 , -0.310089111328125 
-0.2350006103515625 , 0.9185943603515625 , -0.3117523193359375 
-0.2272796630859375 , 0.9238128662109375 , -0.313751220703125 
-0.22296142578125 , 0.9271087646484375 , -0.31866455078125 
-0.227386474609375 , 0.924346923828125 , -0.317840576171875 
-0.2296295166015625 , 0.9201812744140625 , -0.314697265625 
-0.2282562255859375 , 0.9196014404296875 , -0.316375732421875 
-0.229217529296875 , 0.918487548828125 , -0.3178558349609375 
-0.2325897216796875 , 0.9195404052734375 , -0.31689453125 
-0.22698974609375 , 0.9215240478515625 , -0.315185546875 
-0.2217254638671875 , 0.9202423095703125 , -0.3181915283203125 
-0.2218780517578125 , 0.92462158203125 , -0.321014404296875 
-0.2260894775390625 , 0.926025390625 , -0.3224945068359375 
-0.2254180908203125 , 0.9240264892578125 , -0.32452392578125 
-0.2274627685546875 , 0.92388916015625 , -0.3197784423828125 
-0.2334747314453125 , 0.9203643798828125 , -0.31781005859375 
-0.2322540283203125 , 0.915802001953125 , -0.31597900390625 
-0.2284698486328125 , 0.914093017578125 , -0.314361572265625 
-0.228607177734375 , 0.91485595703125 , -0.3154754638671875 
-0.23193359375 , 0.914459228515625 , -0.3182220458984375 
-0.2297210693359375 , 0.914154052734375 , -0.318695068359375 
-0.22412109375 , 0.916595458984375 , -0.320892333984375 
-0.225006103515625 , 0.9189453125 , -0.3235626220703125 
-0.2256927490234375 , 0.9180908203125 , -0.321075439453125 
-0.2235565185546875 , 0.914794921875 , -0.319000244140625 
-0.2216644287109375 , 0.9133453369140625 , -0.319183349609375 
-0.2259979248046875 , 0.9132232666015625 , -0.316986083984375 
-0.2249298095703125 , 0.9168701171875 , -0.3177337646484375 
-0.2270965576171875 , 0.9189300537109375 , -0.3188323974609375 
-0.2305450439453125 , 0.9192047119140625 , -0.319671630859375 
-0.233673095703125 , 0.921478271484375 , -0.3166046142578125 
-0.2326507568359375 , 0.921417236328125 , -0.3149871826171875 
-0.2319793701171875 , 0.92010498046875 , -0.3168487548828125 
-0.2298431396484375 , 0.9180450439453125 , -0.3157806396484375 
-0.2311553955078125 , 0.92010498046875 , -0.3130950927734375 
-0.2312469482421875 , 0.921051025390625 , -0.3145751953125 
-0.2344207763671875 , 0.92071533203125 , -0.315704345703125 
-0.2325286865234375 , 0.923248291015625 , -0.316802978515625 
-0.2304229736328125 , 0.9221649169921875 , -0.31903076171875 
-0.2283172607421875 , 0.919464111328125 , -0.320281982421875 
-0.22210693359375 , 0.92010498046875 , -0.3217620849609375 
-0.2173004150390625 , 0.919219970703125 , -0.3226776123046875 
-0.2207489013671875 , 0.915283203125 , -0.32037353515625 
-0.228668212890625 , 0.91839599609375 , -0.322906494140625 
-0.2283935546875 , 0.9151153564453125 , -0.3235931396484375 
-0.22869873046875 , 0.913482666015625 , -0.3204193115234375 
-0.2318267822265625 , 0.9145965576171875 , -0.322540283203125 
-0.2320709228515625 , 0.91424560546875 , -0.3246307373046875 
-0.2291717529296875 , 0.91485595703125 , -0.3234710693359375 
-0.2223052978515625 , 0.9183197021484375 , -0.3234710693359375 
-0.224456787109375 , 0.9177703857421875 , -0.3251190185546875 
-0.2269744873046875 , 0.917205810546875 , -0.3238525390625 
-0.2263641357421875 , 0.9119110107421875 , -0.3256683349609375 
-0.227783203125 , 0.9111175537109375 , -0.319488525390625 
-0.2295989990234375 , 0.913055419921875 , -0.3224029541015625 
-0.23126220703125 , 0.9147796630859375 , -0.32525634765625 
-0.2288055419921875 , 0.915985107421875 , -0.3250274658203125 
-0.226348876953125 , 0.91729736328125 , -0.324859619140625 
-0.2252197265625 , 0.9189453125 , -0.3260650634765625 
-0.2254791259765625 , 0.921844482421875 , -0.3277587890625 
-0.227294921875 , 0.920196533203125 , -0.3251495361328125 
-0.2281494140625 , 0.9163360595703125 , -0.322540283203125 
-0.2273712158203125 , 0.917236328125 , -0.3236083984375 
-0.232208251953125 , 0.91790771484375 , -0.3200836181640625 
-0.2326202392578125 , 0.9166717529296875 , -0.3219451904296875 
-0.228973388671875 , 0.9145355224609375 , -0.326629638671875 
-0.2278594970703125 , 0.9178619384765625 , -0.32989501953125 
-0.22882080078125 , 0.922027587890625 , -0.3241729736328125 
-0.226898193359375 , 0.921844482421875 , -0.3226776123046875 
-0.2254486083984375 , 0.918060302734375 , -0.3184051513671875 
-0.227142333984375 , 0.9170379638671875 , -0.315338134765625 
-0.223114013671875 , 0.916473388671875 , -0.3209228515625 
-0.2241668701171875 , 0.9158782958984375 , -0.32281494140625 
-0.2260589599609375 , 0.912811279296875 , -0.3197784423828125 
-0.227020263671875 , 0.9114990234375 , -0.31903076171875 
-0.224945068359375 , 0.9127044677734375 , -0.321136474609375 
-0.2223968505859375 , 0.9163818359375 , -0.3238677978515625 
-0.224395751953125 , 0.9171905517578125 , -0.3244476318359375 
-0.2248992919921875 , 0.918243408203125 , -0.323883056640625 
-0.2252349853515625 , 0.9155731201171875 , -0.32452392578125 
-0.22528076171875 , 0.912353515625 , -0.3204498291015625 
-0.22589111328125 , 0.9099884033203125 , -0.319793701171875 
-0.2272796630859375 , 0.9112548828125 , -0.32183837890625 
-0.2270660400390625 , 0.911468505859375 , -0.32379150390625 
-0.2261810302734375 , 0.9134063720703125 , -0.3235626220703125 
-0.226593017578125 , 0.9211883544921875 , -0.3241729736328125 
-0.228271484375 , 0.9160003662109375 , -0.3223419189453125 
-0.2278900146484375 , 0.9176025390625 , -0.320159912109375 
-0.229705810546875 , 0.92059326171875 , -0.3184814453125 
-0.2311553955078125 , 0.9229278564453125 , -0.3165130615234375 
-0.232452392578125 , 0.9240875244140625 , -0.3167266845703125 
-0.2307586669921875 , 0.920806884765625 , -0.3187255859375 
-0.2294921875 , 0.9151458740234375 , -0.31927490234375 
-0.23028564453125 , 0.9139251708984375 , -0.3168182373046875 
-0.228973388671875 , 0.91107177734375 , -0.3156280517578125 
-0.2267608642578125 , 0.9114990234375 , -0.3206939697265625 
-0.2295074462890625 , 0.9105224609375 , -0.32867431640625 
-0.2327728271484375 , 0.9102935791015625 , -0.3250885009765625 
-0.234466552734375 , 0.9110260009765625 , -0.3219757080078125 
-0.233245849609375 , 0.9172821044921875 , -0.3218231201171875 
-0.232330322265625 , 0.915313720703125 , -0.320404052734375 
-0.22967529296875 , 0.914398193359375 , -0.32476806640625 
-0.2249603271484375 , 0.9131317138671875 , -0.3255462646484375 
-0.227813720703125 , 0.914276123046875 , -0.319915771484375 
-0.22808837890625 , 0.91552734375 , -0.3151092529296875 
-0.227996826171875 , 0.91925048828125 , -0.32421875 
-0.231719970703125 , 0.9160614013671875 , -0.326934814453125 
-0.2359466552734375 , 0.9167022705078125 , -0.32080078125 
-0.2377471923828125 , 0.916717529296875 , -0.314910888671875 
-0.2320404052734375 , 0.9127655029296875 , -0.3136749267578125 
-0.2264404296875 , 0.9098358154296875 , -0.3140869140625 
-0.22314453125 , 0.912994384765625 , -0.3163299560546875 
-0.2198638916015625 , 0.919281005859375 , -0.315673828125 
-0.216339111328125 , 0.9242095947265625 , -0.3146820068359375 
-0.21331787109375 , 0.9227294921875 , -0.315093994140625 
-0.2137603759765625 , 0.9242095947265625 , -0.319610595703125 
-0.21673583984375 , 0.929779052734375 , -0.3181304931640625 
-0.2154083251953125 , 0.9272308349609375 , -0.3175811767578125 
-0.2109527587890625 , 0.93243408203125 , -0.3141326904296875 
-0.2090911865234375 , 0.950103759765625 , -0.3123626708984375 
-0.209381103515625 , 0.9628143310546875 , -0.30999755859375 
-0.21575927734375 , 0.967529296875 , -0.30975341796875 
-0.2198486328125 , 0.953826904296875 , -0.3098602294921875 
-0.223052978515625 , 0.9512786865234375 , -0.3060150146484375 
-0.2242279052734375 , 0.9597930908203125 , -0.3052978515625 
-0.226654052734375 , 0.9609832763671875 , -0.317840576171875 
-0.2307281494140625 , 0.96783447265625 , -0.3212127685546875 
-0.2273712158203125 , 0.9789886474609375 , -0.3257598876953125 
-0.2257843017578125 , 0.982513427734375 , -0.3332672119140625 
-0.2269744873046875 , 0.9708099365234375 , -0.3482818603515625 
-0.2322540283203125 , 0.9835968017578125 , -0.362884521484375 
-0.2293853759765625 , 1.009246826171875 , -0.3753662109375 
-0.228485107421875 , 1.05780029296875 , -0.3822174072265625 
-0.222808837890625 , 1.0389404296875 , -0.374969482421875 
-0.2168731689453125 , 0.943634033203125 , -0.3885345458984375 
-0.204803466796875 , 0.8939666748046875 , -0.41937255859375 
-0.1928863525390625 , 0.86669921875 , -0.460052490234375 
-0.1909027099609375 , 0.8708953857421875 , -0.504913330078125 
-0.201995849609375 , 0.8847808837890625 , -0.529144287109375 
-0.1823272705078125 , 0.8586883544921875 , -0.5506744384765625 
-0.18353271484375 , 0.8603668212890625 , -0.561187744140625 
-0.18896484375 , 0.853118896484375 , -0.5879364013671875 
-0.1518707275390625 , 0.7818603515625 , -0.6281280517578125 
-0.1596832275390625 , 0.75665283203125 , -0.672454833984375 
-0.1418609619140625 , 0.6625823974609375 , -0.697967529296875 
-0.154815673828125 , 0.59796142578125 , -0.7321624755859375 
-0.1474151611328125 , 0.5618438720703125 , -0.7705230712890625 
-0.1590423583984375 , 0.5948333740234375 , -0.7712249755859375 
-0.1430206298828125 , 0.502410888671875 , -0.7724456787109375 
-0.2053070068359375 , 0.41412353515625 , -0.7784423828125 
-0.222015380859375 , 0.2858734130859375 , -0.8091583251953125 
-0.25616455078125 , 0.1823883056640625 , -0.840087890625 
-0.252655029296875 , 0.067718505859375 , -0.867431640625 
-0.2938079833984375 , -0.004302978515625 , -0.8638458251953125 
-0.2975921630859375 , -0.090362548828125 , -0.87225341796875 
-0.308929443359375 , -0.1175689697265625 , -0.8938446044921875 
-0.3499908447265625 , -0.0614471435546875 , -0.9055633544921875 
-0.3764190673828125 , -0.0343780517578125 , -0.9252166748046875 
-0.38775634765625 , -0.057952880859375 , -0.9374237060546875 
-0.3892822265625 , -0.0773468017578125 , -0.986907958984375 
-0.4104156494140625 , -0.0848236083984375 , -1.0018157958984375 
-0.448577880859375 , -0.0745849609375 , -0.9777679443359375 
-0.420074462890625 , -0.117889404296875 , -0.924163818359375 
-0.3855743408203125 , -0.132476806640625 , -0.881072998046875 
-0.3758087158203125 , -0.1324615478515625 , -0.8593597412109375 
-0.4088287353515625 , -0.1158599853515625 , -0.87091064453125 
-0.4169158935546875 , -0.092254638671875 , -0.8804168701171875 
-0.4262847900390625 , -0.078765869140625 , -0.8852386474609375 
-0.4158935546875 , -0.133514404296875 , -0.89263916015625 
-0.4019317626953125 , -0.15576171875 , -0.8826904296875 
-0.393096923828125 , -0.1451873779296875 , -0.871368408203125 
-0.395599365234375 , -0.14471435546875 , -0.8680877685546875 
-0.39501953125 , -0.146820068359375 , -0.8637237548828125 
-0.3916015625 , -0.120697021484375 , -0.860870361328125 
-0.421051025390625 , -0.0887603759765625 , -0.8591156005859375 
-0.416778564453125 , -0.1089324951171875 , -0.853729248046875 
-0.3872833251953125 , -0.1218719482421875 , -0.8568878173828125 
-0.384063720703125 , -0.126983642578125 , -0.866790771484375 
-0.3845672607421875 , -0.1530303955078125 , -0.874969482421875 
-0.3773651123046875 , -0.1486663818359375 , -0.884918212890625 
-0.3807830810546875 , -0.1470794677734375 , -0.8898773193359375 
-0.38372802734375 , -0.1636810302734375 , -0.89892578125 
-0.3689117431640625 , -0.163238525390625 , -0.8944244384765625 
-0.3711395263671875 , -0.161956787109375 , -0.8936004638671875 
-0.3651580810546875 , -0.17315673828125 , -0.8993988037109375 
-0.3592681884765625 , -0.1668243408203125 , -0.90533447265625 
-0.3626556396484375 , -0.17333984375 , -0.9043121337890625 
-0.3578338623046875 , -0.1744232177734375 , -0.9153594970703125 
-0.3600006103515625 , -0.1576080322265625 , -0.923431396484375 
-0.3661651611328125 , -0.15069580078125 , -0.9260406494140625 
-0.3712921142578125 , -0.1429901123046875 , -0.9326629638671875 
-0.3794097900390625 , -0.141357421875 , -0.94219970703125 
-0.383148193359375 , -0.14459228515625 , -0.94317626953125 
-0.3800811767578125 , -0.1459197998046875 , -0.9447784423828125 
-0.378692626953125 , -0.1481475830078125 , -0.9444580078125 
-0.3851318359375 , -0.1461029052734375 , -0.942535400390625 
-0.3739013671875 , -0.145477294921875 , -0.947662353515625 
-0.3676300048828125 , -0.1489410400390625 , -0.9560699462890625 
-0.3751983642578125 , -0.1526336669921875 , -0.9584808349609375 
-0.3771209716796875 , -0.1385040283203125 , -0.953277587890625 
-0.3819427490234375 , -0.136260986328125 , -0.9485015869140625 
-0.384735107421875 , -0.1515960693359375 , -0.9395751953125 
-0.3830413818359375 , -0.1625518798828125 , -0.9316253662109375 
-0.381988525390625 , -0.158966064453125 , -0.9280242919921875 
-0.3752288818359375 , -0.141082763671875 , -0.924591064453125 
-0.3676300048828125 , -0.13153076171875 , -0.920440673828125 
-0.3604736328125 , -0.14752197265625 , -0.9139251708984375 
-0.364013671875 , -0.174835205078125 , -0.914642333984375 
-0.3729400634765625 , -0.1791839599609375 , -0.9253387451171875 
-0.3790740966796875 , -0.150604248046875 , -0.9192657470703125 
-0.383148193359375 , -0.10931396484375 , -0.9015655517578125 
-0.37359619140625 , -0.07586669921875 , -0.8779754638671875 
-0.358245849609375 , -0.046112060546875 , -0.8681793212890625 
-0.346588134765625 , 0.00433349609375 , -0.87408447265625 
-0.3413848876953125 , 0.0709228515625 , -0.8937530517578125 
-0.3543243408203125 , 0.122344970703125 , -0.9138336181640625 
-0.366607666015625 , 0.142608642578125 , -0.9127044677734375 
-0.3760833740234375 , 0.141448974609375 , -0.9072265625 
-0.3879241943359375 , 0.17596435546875 , -0.87939453125 
-0.384490966796875 , 0.2254638671875 , -0.8409881591796875 
-0.3648529052734375 , 0.249786376953125 , -0.8011932373046875 
-0.3341217041015625 , 0.2838134765625 , -0.767730712890625 
-0.2900390625 , 0.353240966796875 , -0.7544708251953125 
-0.265167236328125 , 0.428680419921875 , -0.7591705322265625 
-0.2622833251953125 , 0.4907989501953125 , -0.772918701171875 
-0.2634429931640625 , 0.5160369873046875 , -0.7902374267578125 
-0.2601165771484375 , 0.533843994140625 , -0.792205810546875 
-0.25091552734375 , 0.582611083984375 , -0.7764434814453125 
-0.24676513671875 , 0.627227783203125 , -0.7489776611328125 
-0.254364013671875 , 0.6738128662109375 , -0.703155517578125 
-0.2472686767578125 , 0.7149505615234375 , -0.6260833740234375 
-0.2304534912109375 , 0.7552642822265625 , -0.54052734375 
-0.2093353271484375 , 0.8132171630859375 , -0.470001220703125 
-0.20269775390625 , 0.917022705078125 , -0.4334564208984375 
-0.2004547119140625 , 0.98162841796875 , -0.425506591796875 
-0.21246337890625 , 1.0281829833984375 , -0.41278076171875 
-0.22772216796875 , 1.069854736328125 , -0.39166259765625 
-0.2352142333984375 , 1.095733642578125 , -0.3684844970703125 
-0.24310302734375 , 1.0875091552734375 , -0.3267669677734375 
-0.2371978759765625 , 1.045989990234375 , -0.2821807861328125 
-0.236480712890625 , 0.985076904296875 , -0.2267608642578125 
-0.2232513427734375 , 0.940765380859375 , -0.200531005859375 
-0.204864501953125 , 0.9321136474609375 , -0.18731689453125 
-0.182281494140625 , 0.9505615234375 , -0.189361572265625 
-0.1690216064453125 , 0.9597930908203125 , -0.1903533935546875 
-0.164642333984375 , 0.9412078857421875 , -0.1772308349609375 
-0.1728973388671875 , 0.9151458740234375 , -0.1753997802734375 
-0.1848297119140625 , 0.91156005859375 , -0.18017578125 
-0.189422607421875 , 0.9370269775390625 , -0.1765594482421875 
-0.1877288818359375 , 0.9567108154296875 , -0.1769866943359375 
-0.183380126953125 , 0.9508209228515625 , -0.1830291748046875 
-0.1808013916015625 , 0.945220947265625 , -0.1922607421875 
-0.178375244140625 , 0.952362060546875 , -0.2001800537109375 
-0.1763458251953125 , 0.9604034423828125 , -0.2010040283203125 
-0.1753692626953125 , 0.9658050537109375 , -0.207061767578125 
-0.1797637939453125 , 0.9644775390625 , -0.2034454345703125 
-0.1795654296875 , 0.955078125 , -0.1887359619140625 
-0.174041748046875 , 0.9475555419921875 , -0.171661376953125 
-0.169952392578125 , 0.943206787109375 , -0.161468505859375 
-0.167694091796875 , 0.9468231201171875 , -0.1723175048828125 
-0.1696319580078125 , 0.9622650146484375 , -0.188751220703125 
-0.1779937744140625 , 0.973907470703125 , -0.202056884765625 
-0.1836700439453125 , 0.9778594970703125 , -0.2031707763671875 
-0.1818389892578125 , 0.970977783203125 , -0.191192626953125 
-0.1793670654296875 , 0.953765869140625 , -0.184112548828125 
-0.182708740234375 , 0.939239501953125 , -0.1805419921875 
-0.1849365234375 , 0.9433746337890625 , -0.18408203125 
-0.1768035888671875 , 0.9542236328125 , -0.201141357421875 
-0.172210693359375 , 0.956695556640625 , -0.217529296875 
-0.17535400390625 , 0.9588775634765625 , -0.223052978515625 
-0.1760711669921875 , 0.9674530029296875 , -0.2242431640625 
-0.177581787109375 , 0.9673614501953125 , -0.225799560546875 
-0.18096923828125 , 0.9617462158203125 , -0.2300567626953125 
-0.186126708984375 , 0.9695281982421875 , -0.2326507568359375 
-0.188446044921875 , 0.9749755859375 , -0.2314605712890625 
-0.1919708251953125 , 0.9721832275390625 , -0.2380828857421875 
-0.1894073486328125 , 0.9732818603515625 , -0.238861083984375 
-0.1856536865234375 , 0.9778594970703125 , -0.239532470703125 
-0.18524169921875 , 0.9747467041015625 , -0.2328948974609375 
-0.1911163330078125 , 0.96453857421875 , -0.2373199462890625 
-0.1956787109375 , 0.9697418212890625 , -0.2364959716796875 
-0.1938323974609375 , 0.97589111328125 , -0.231201171875 
-0.1950836181640625 , 0.9705047607421875 , -0.2330780029296875 
-0.202423095703125 , 0.9656982421875 , -0.2388763427734375 
-0.2047271728515625 , 0.965118408203125 , -0.2433013916015625 
-0.201385498046875 , 0.9615325927734375 , -0.2335357666015625 
-0.1982879638671875 , 0.95068359375 , -0.2362060546875 
-0.192596435546875 , 0.9468536376953125 , -0.245208740234375 
-0.1849212646484375 , 0.9479522705078125 , -0.2481842041015625 
-0.1765899658203125 , 0.945648193359375 , -0.248565673828125 
-0.183319091796875 , 0.9476776123046875 , -0.25311279296875 
-0.192047119140625 , 0.9434814453125 , -0.26263427734375 
-0.1918182373046875 , 0.9438934326171875 , -0.25872802734375 
-0.1897430419921875 , 0.95379638671875 , -0.2510528564453125 
-0.1912841796875 , 0.958282470703125 , -0.2540740966796875 
-0.1966094970703125 , 0.9570770263671875 , -0.2605438232421875 
-0.200347900390625 , 0.9470062255859375 , -0.2561187744140625 
-0.1997222900390625 , 0.9389801025390625 , -0.2458038330078125 
-0.19525146484375 , 0.9434051513671875 , -0.2468109130859375 
-0.1929779052734375 , 0.94586181640625 , -0.2576904296875 
-0.1947021484375 , 0.943359375 , -0.2612152099609375 
-0.1973419189453125 , 0.9348602294921875 , -0.25201416015625 
-0.19366455078125 , 0.926361083984375 , -0.2473907470703125 
-0.187255859375 , 0.930267333984375 , -0.245513916015625 
-0.188262939453125 , 0.927032470703125 , -0.2456512451171875 
-0.197021484375 , 0.929840087890625 , -0.2428741455078125 
-0.2028045654296875 , 0.937255859375 , -0.2500762939453125 
-0.199432373046875 , 0.93829345703125 , -0.2526702880859375 
-0.1931304931640625 , 0.9382781982421875 , -0.2521209716796875 
-0.1993408203125 , 0.937896728515625 , -0.249114990234375 
-0.20233154296875 , 0.9423980712890625 , -0.244720458984375 
-0.203155517578125 , 0.949920654296875 , -0.245025634765625 
-0.2000579833984375 , 0.94573974609375 , -0.24359130859375 
-0.196380615234375 , 0.93402099609375 , -0.242584228515625 
-0.199066162109375 , 0.9261016845703125 , -0.251068115234375 
-0.19927978515625 , 0.9363861083984375 , -0.2589874267578125 
-0.1962738037109375 , 0.951385498046875 , -0.268310546875 
-0.1916351318359375 , 0.9689483642578125 , -0.2713470458984375 
